date,log_date,time,weak,threshold,pool
2020-01-02,2020-01-02,09:40:00,False,1342690.0,34
2020-01-03,2020-01-03,09:40:00,False,1256121.0,34
2020-01-06,2020-01-06,09:40:00,False,1043416.0,34
2020-01-07,2020-01-07,09:40:00,False,1135180.0,34
2020-01-08,2020-01-08,09:40:00,False,1049508.0,34
2020-01-09,2020-01-09,09:40:00,False,1165857.0,34
2020-01-10,2020-01-10,09:40:00,False,1088227.0,34
2020-01-13,2020-01-13,09:40:00,False,1070173.0,34
2020-01-14,2020-01-14,09:40:00,False,988971.0,34
2020-01-15,2020-01-15,09:40:00,False,972961.0,34
2020-01-16,2020-01-16,09:40:00,False,989292.0,34
2020-01-17,2020-01-17,09:40:00,False,959823.0,34
2020-01-20,2020-01-20,09:40:00,False,955318.0,34
2020-01-21,2020-01-21,09:40:00,False,1023466.0,34
2020-01-22,2020-01-22,09:40:00,False,1152486.0,35
2020-01-23,2020-01-23,09:40:00,False,1279238.0,35
2020-02-03,2020-02-03,09:40:00,True,1408694.0,9
2020-02-04,2020-02-04,09:40:00,True,1556390.0,9
2020-02-05,2020-02-05,09:40:00,True,1640827.0,9
2020-02-06,2020-02-06,09:40:00,True,1591497.0,9
2020-02-07,2020-02-07,09:40:00,True,1420878.0,9
2020-02-10,2020-02-10,09:40:00,True,1239436.0,8
2020-02-11,2020-02-11,09:40:00,False,1155810.0,35
2020-02-12,2020-02-12,09:40:00,False,1091553.0,36
2020-02-13,2020-02-13,09:40:00,False,1096612.0,36
2020-02-14,2020-02-14,09:40:00,False,1110085.0,36
2020-02-17,2020-02-17,09:40:00,False,1147358.0,35
2020-02-18,2020-02-18,09:40:00,False,1273416.0,35
2020-02-19,2020-02-19,09:40:00,False,1416254.0,35
2020-02-20,2020-02-20,09:40:00,False,1606435.0,35
2020-02-21,2020-02-21,09:40:00,False,1728408.0,36
2020-02-24,2020-02-24,09:40:00,False,1815311.0,36
2020-02-25,2020-02-25,09:40:00,False,1890490.0,36
2020-02-26,2020-02-26,09:40:00,False,2232803.0,36
2020-02-27,2020-02-27,09:40:00,False,2501553.0,36
2020-02-28,2020-02-28,09:40:00,False,2539316.0,36
2020-03-02,2020-03-02,09:40:00,True,2425284.0,8
2020-03-03,2020-03-03,09:40:00,True,2239602.0,8
2020-03-04,2020-03-04,09:40:00,True,2267233.0,8
2020-03-05,2020-03-05,09:40:00,True,2055746.0,8
2020-03-06,2020-03-06,09:40:00,False,2058558.0,38
2020-03-09,2020-03-09,09:40:00,False,1812740.0,39
2020-03-10,2020-03-10,09:40:00,True,1862013.0,9
2020-03-11,2020-03-11,09:40:00,True,1893061.0,9
2020-03-12,2020-03-12,09:40:00,True,2016032.0,9
2020-03-13,2020-03-13,09:40:00,True,1884963.0,9
2020-03-16,2020-03-16,09:40:00,True,1909873.0,9
2020-03-17,2020-03-17,09:40:00,True,2017613.0,9
2020-03-18,2020-03-18,09:40:00,True,2180019.0,9
2020-03-19,2020-03-19,09:40:00,True,2095465.0,9
2020-03-20,2020-03-20,09:40:00,True,2153581.0,9
2020-03-23,2020-03-23,09:40:00,True,2020537.0,9
2020-03-24,2020-03-24,09:40:00,True,1980458.0,9
2020-03-25,2020-03-25,09:40:00,True,1849728.0,9
2020-03-26,2020-03-26,09:40:00,False,1990183.0,40
2020-03-27,2020-03-27,09:40:00,False,1797180.0,41
2020-03-30,2020-03-30,09:40:00,False,1607423.0,41
2020-03-31,2020-03-31,09:40:00,True,1365003.0,9
2020-04-01,2020-04-01,09:40:00,True,1299392.0,9
2020-04-02,2020-04-02,09:40:00,True,1269956.0,9
2020-04-03,2020-04-03,09:40:00,False,1273210.0,41
2020-04-07,2020-04-07,09:40:00,False,1248986.0,41
2020-04-08,2020-04-08,09:40:00,False,1300968.0,41
2020-04-09,2020-04-09,09:40:00,False,1184227.0,41
2020-04-10,2020-04-10,09:40:00,False,1188162.0,41
2020-04-13,2020-04-13,09:40:00,False,1180636.0,42
2020-04-14,2020-04-14,09:40:00,False,1168699.0,43
2020-04-15,2020-04-15,09:40:00,False,1213898.0,43
2020-04-16,2020-04-16,09:40:00,False,1156318.0,43
2020-04-17,2020-04-17,09:40:00,False,1159664.0,43
2020-04-20,2020-04-20,09:40:00,False,1271636.0,44
2020-04-21,2020-04-21,09:40:00,False,1188299.0,44
2020-04-22,2020-04-22,09:40:00,False,1234774.0,44
2020-04-23,2020-04-23,09:40:00,False,1056860.0,44
2020-04-24,2020-04-24,09:40:00,False,1031486.0,44
2020-04-27,2020-04-27,09:40:00,True,966544.0,9
2020-04-28,2020-04-28,09:40:00,True,971663.0,9
2020-04-29,2020-04-29,09:40:00,False,1126126.0,43
2020-04-30,2020-04-30,09:40:00,False,1124547.0,44
2020-05-06,2020-05-06,09:40:00,False,1272029.0,43
2020-05-07,2020-05-07,09:40:00,False,1295612.0,44
2020-05-08,2020-05-08,09:40:00,False,1376254.0,44
2020-05-11,2020-05-11,09:40:00,False,1343870.0,44
2020-05-12,2020-05-12,09:40:00,False,1306347.0,44
2020-05-13,2020-05-13,09:40:00,False,1320840.0,44
2020-05-14,2020-05-14,09:40:00,False,1212638.0,44
2020-05-15,2020-05-15,09:40:00,False,1135485.0,44
2020-05-18,2020-05-18,09:40:00,False,1147880.0,44
2020-05-19,2020-05-19,09:40:00,True,1255842.0,9
2020-05-20,2020-05-20,09:40:00,False,1344167.0,43
2020-05-21,2020-05-21,09:40:00,True,1314107.0,9
2020-05-22,2020-05-22,09:40:00,True,1271725.0,9
2020-05-25,2020-05-25,09:40:00,True,1329550.0,9
2020-05-26,2020-05-26,09:40:00,True,1296201.0,9
2020-05-27,2020-05-27,09:40:00,True,1292572.0,9
2020-05-28,2020-05-28,09:40:00,True,1125046.0,9
2020-05-29,2020-05-29,09:40:00,True,1149259.0,9
2020-06-01,2020-06-01,09:40:00,True,1112502.0,9
2020-06-02,2020-06-02,09:40:00,False,1312597.0,44
2020-06-03,2020-06-03,09:40:00,False,1293976.0,44
2020-06-04,2020-06-04,09:40:00,False,1364220.0,44
2020-06-05,2020-06-05,09:40:00,False,1179082.0,44
2020-06-08,2020-06-08,09:40:00,False,1154546.0,44
2020-06-09,2020-06-09,09:40:00,False,1087048.0,44
2020-06-10,2020-06-10,09:40:00,False,1079033.0,44
2020-06-11,2020-06-11,09:40:00,False,1063304.0,44
2020-06-12,2020-06-12,09:40:00,False,1102278.0,44
2020-06-15,2020-06-15,09:40:00,False,1181371.0,44
2020-06-16,2020-06-16,09:40:00,False,1256914.0,44
2020-06-17,2020-06-17,09:40:00,False,1286773.0,44
2020-06-18,2020-06-18,09:40:00,False,1235358.0,44
2020-06-19,2020-06-19,09:40:00,False,1312470.0,44
2020-06-22,2020-06-22,09:40:00,False,1447037.0,44
2020-06-23,2020-06-23,09:40:00,False,1663918.0,44
2020-06-24,2020-06-24,09:40:00,False,1647443.0,43
2020-06-29,2020-06-29,09:40:00,False,1527776.0,44
2020-06-30,2020-06-30,09:40:00,False,1388225.0,44
2020-07-01,2020-07-01,09:40:00,False,1459212.0,44
2020-07-02,2020-07-02,09:40:00,False,1588316.0,44
2020-07-03,2020-07-03,09:40:00,False,1823779.0,44
2020-07-06,2020-07-06,09:40:00,False,2085666.0,44
2020-07-07,2020-07-07,09:40:00,False,2738102.0,44
2020-07-08,2020-07-08,09:40:00,False,3318295.0,44
2020-07-09,2020-07-09,09:40:00,False,3469885.0,44
2020-07-10,2020-07-10,09:40:00,False,3219380.0,44
2020-07-13,2020-07-13,09:40:00,False,2802224.0,44
2020-07-14,2020-07-14,09:40:00,False,2776535.0,44
2020-07-15,2020-07-15,09:40:00,False,2839484.0,44
2020-07-16,2020-07-16,09:40:00,False,2948167.0,44
2020-07-17,2020-07-17,09:40:00,True,3121259.0,9
2020-07-20,2020-07-20,09:40:00,True,2951797.0,9
2020-07-21,2020-07-21,09:40:00,True,2861817.0,9
2020-07-22,2020-07-22,09:40:00,True,2431358.0,9
2020-07-23,2020-07-23,09:40:00,False,2366192.0,44
2020-07-24,2020-07-24,09:40:00,False,2243765.0,44
2020-07-27,2020-07-27,09:40:00,True,2450005.0,9
2020-07-28,2020-07-28,09:40:00,True,2224497.0,9
2020-07-29,2020-07-29,09:40:00,True,2019172.0,9
2020-07-30,2020-07-30,09:40:00,False,1828076.0,44
2020-07-31,2020-07-31,09:40:00,False,1775490.0,43
2020-08-03,2020-08-03,09:40:00,False,1997114.0,44
2020-08-04,2020-08-04,09:40:00,False,1979647.0,44
2020-08-05,2020-08-05,09:40:00,False,2144332.0,44
2020-08-06,2020-08-06,09:40:00,False,2021700.0,43
2020-08-07,2020-08-07,09:40:00,False,2039035.0,43
2020-08-10,2020-08-10,09:40:00,False,2041809.0,43
2020-08-11,2020-08-11,09:40:00,False,2016264.0,43
2020-08-12,2020-08-12,09:40:00,True,1933543.0,9
2020-08-13,2020-08-13,09:40:00,True,1859170.0,9
2020-08-14,2020-08-14,09:40:00,True,1706298.0,9
2020-08-17,2020-08-17,09:40:00,True,1617751.0,9
2020-08-18,2020-08-18,09:40:00,False,1769309.0,42
2020-08-19,2020-08-19,09:40:00,False,1838177.0,42
2020-08-20,2020-08-20,09:40:00,True,1846382.0,9
2020-08-21,2020-08-21,09:40:00,True,1562221.0,9
2020-08-24,2020-08-24,09:40:00,True,1503293.0,9
2020-08-25,2020-08-25,09:40:00,False,1478494.0,44
2020-08-26,2020-08-26,09:40:00,False,1404927.0,44
2020-08-27,2020-08-27,09:40:00,True,1443665.0,9
2020-08-28,2020-08-28,09:40:00,True,1398945.0,9
2020-08-31,2020-08-31,09:40:00,False,1528062.0,44
2020-09-01,2020-09-01,09:40:00,False,1609294.0,44
2020-09-02,2020-09-02,09:40:00,False,1592779.0,44
2020-09-03,2020-09-03,09:40:00,False,1533194.0,44
2020-09-04,2020-09-04,09:40:00,False,1360515.0,44
2020-09-07,2020-09-07,09:40:00,True,1378787.0,9
2020-09-08,2020-09-08,09:40:00,True,1412432.0,9
2020-09-09,2020-09-09,09:40:00,True,1532874.0,9
2020-09-10,2020-09-10,09:40:00,True,1652063.0,9
2020-09-11,2020-09-11,09:40:00,True,1600427.0,9
2020-09-14,2020-09-14,09:40:00,True,1473114.0,9
2020-09-15,2020-09-15,09:40:00,True,1298725.0,9
2020-09-16,2020-09-16,09:40:00,True,1230452.0,9
2020-09-17,2020-09-17,09:40:00,True,1151322.0,9
2020-09-18,2020-09-18,09:40:00,True,1183733.0,9
2020-09-21,2020-09-21,09:40:00,False,1316795.0,44
2020-09-22,2020-09-22,09:40:00,False,1443553.0,44
2020-09-23,2020-09-23,09:40:00,True,1472718.0,9
2020-09-24,2020-09-24,09:40:00,False,1360096.0,45
2020-09-25,2020-09-25,09:40:00,True,1331959.0,9
2020-09-28,2020-09-28,09:40:00,True,1263105.0,9
2020-09-29,2020-09-29,09:40:00,True,1151018.0,9
2020-09-30,2020-09-30,09:40:00,True,1075602.0,9
2020-10-09,2020-10-09,09:40:00,True,1057649.0,9
2020-10-12,2020-10-12,09:40:00,False,1137240.0,46
2020-10-13,2020-10-13,09:40:00,False,1407376.0,45
2020-10-14,2020-10-14,09:40:00,False,1463473.0,45
2020-10-15,2020-10-15,09:40:00,False,1454819.0,44
2020-10-16,2020-10-16,09:40:00,False,1225893.0,45
2020-10-19,2020-10-19,09:40:00,False,1170227.0,45
2020-10-20,2020-10-20,09:40:00,False,1277181.0,46
2020-10-21,2020-10-21,09:40:00,False,1273180.0,46
2020-10-22,2020-10-22,09:40:00,False,1322177.0,45
2020-10-23,2020-10-23,09:40:00,True,1245681.0,9
2020-10-26,2020-10-26,09:40:00,True,1336331.0,9
2020-10-27,2020-10-27,09:40:00,True,1330595.0,8
2020-10-28,2020-10-28,09:40:00,True,1253915.0,9
2020-10-29,2020-10-29,09:40:00,True,1178615.0,8
2020-10-30,2020-10-30,09:40:00,False,1230675.0,44
2020-11-02,2020-11-02,09:40:00,True,1377000.0,9
2020-11-03,2020-11-03,09:40:00,True,1397380.0,9
2020-11-04,2020-11-04,09:40:00,False,1409521.0,45
2020-11-05,2020-11-05,09:40:00,False,1377810.0,45
2020-11-06,2020-11-06,09:40:00,False,1470918.0,45
2020-11-09,2020-11-09,09:40:00,False,1492391.0,45
2020-11-10,2020-11-10,09:40:00,False,1820356.0,45
2020-11-11,2020-11-11,09:40:00,False,1880712.0,45
2020-11-12,2020-11-12,09:40:00,False,1883973.0,45
2020-11-13,2020-11-13,09:40:00,False,1531081.0,45
2020-11-16,2020-11-16,09:40:00,True,1417233.0,9
2020-11-17,2020-11-17,09:40:00,True,1374705.0,9
2020-11-18,2020-11-18,09:40:00,True,1480008.0,9
2020-11-19,2020-11-19,09:40:00,True,1539023.0,9
2020-11-20,2020-11-20,09:40:00,True,1529515.0,9
2020-11-23,2020-11-23,09:40:00,False,1438186.0,46
2020-11-24,2020-11-24,09:40:00,False,1534888.0,46
2020-11-25,2020-11-25,09:40:00,False,1552939.0,46
2020-11-26,2020-11-26,09:40:00,True,1649120.0,9
2020-11-27,2020-11-27,09:40:00,True,1480735.0,9
2020-11-30,2020-11-30,09:40:00,True,1477695.0,9
2020-12-01,2020-12-01,09:40:00,True,1672919.0,9
2020-12-02,2020-12-02,09:40:00,False,1878075.0,46
2020-12-03,2020-12-03,09:40:00,False,2002566.0,46
2020-12-04,2020-12-04,09:40:00,False,1778997.0,46
2020-12-07,2020-12-07,09:40:00,False,1595390.0,46
2020-12-08,2020-12-08,09:40:00,False,1472901.0,46
2020-12-09,2020-12-09,09:40:00,False,1368337.0,46
2020-12-10,2020-12-10,09:40:00,True,1439594.0,9
2020-12-11,2020-12-11,09:40:00,True,1406785.0,9
2020-12-14,2020-12-14,09:40:00,True,1485655.0,9
2020-12-15,2020-12-15,09:40:00,True,1343554.0,9
2020-12-16,2020-12-16,09:40:00,True,1323362.0,9
2020-12-17,2020-12-17,09:40:00,True,1236495.0,9
2020-12-18,2020-12-18,09:40:00,False,1400610.0,46
2020-12-21,2020-12-21,09:40:00,False,1527660.0,47
2020-12-22,2020-12-22,09:40:00,False,1804004.0,47
2020-12-23,2020-12-23,09:40:00,False,1944761.0,47
2020-12-24,2020-12-24,09:40:00,False,2062905.0,47
2020-12-25,2020-12-25,09:40:00,False,1952388.0,47
2020-12-28,2020-12-28,09:40:00,False,1828732.0,47
2020-12-29,2020-12-29,09:40:00,False,1745301.0,47
2020-12-30,2020-12-30,09:40:00,False,1761509.0,48
2020-12-31,2020-12-31,09:40:00,False,1753309.0,48
2021-01-04,2021-01-04,09:40:00,False,2010503.0,48
2021-01-05,2021-01-05,09:40:00,False,2249533.0,48
2021-01-06,2021-01-06,09:40:00,False,2567588.0,48
2021-01-07,2021-01-07,09:40:00,False,2464904.0,49
2021-01-08,2021-01-08,09:40:00,False,2393846.0,49
2021-01-11,2021-01-11,09:40:00,False,2277053.0,49
2021-01-12,2021-01-12,09:40:00,False,2394939.0,49
2021-01-13,2021-01-13,09:40:00,False,2493329.0,49
2021-01-14,2021-01-14,09:40:00,False,2541977.0,50
2021-01-15,2021-01-15,09:40:00,False,2508405.0,50
2021-01-18,2021-01-18,09:40:00,True,2442717.0,9
2021-01-19,2021-01-19,09:40:00,False,2415959.0,50
2021-01-20,2021-01-20,09:40:00,True,2444643.0,9
2021-01-21,2021-01-21,09:40:00,True,2512335.0,9
2021-01-22,2021-01-22,09:40:00,False,2561445.0,51
2021-01-25,2021-01-25,09:40:00,False,2505614.0,50
2021-01-26,2021-01-26,09:40:00,False,2502814.0,50
2021-01-27,2021-01-27,09:40:00,False,2460685.0,50
2021-01-28,2021-01-28,09:40:00,False,2333197.0,50
2021-01-29,2021-01-29,09:40:00,True,2213818.0,9
2021-02-01,2021-02-01,09:40:00,True,2169286.0,9
2021-02-02,2021-02-02,09:40:00,True,2082690.0,9
2021-02-03,2021-02-03,09:40:00,True,2031186.0,9
2021-02-04,2021-02-04,09:40:00,True,1917114.0,9
2021-02-05,2021-02-05,09:40:00,True,2046136.0,9
2021-02-08,2021-02-08,09:40:00,True,2006974.0,9
2021-02-09,2021-02-09,09:40:00,False,1954275.0,53
2021-02-10,2021-02-10,09:40:00,False,1892417.0,54
2021-02-18,2021-02-18,09:40:00,False,1900736.0,54
2021-02-19,2021-02-19,09:40:00,False,2125301.0,54
2021-02-22,2021-02-22,09:40:00,False,2249084.0,55
2021-02-23,2021-02-23,09:40:00,False,2502945.0,55
2021-02-24,2021-02-24,09:40:00,True,2370256.0,9
2021-02-25,2021-02-25,09:40:00,True,2567051.0,9
2021-02-26,2021-02-26,09:40:00,True,2372239.0,9
2021-03-01,2021-03-01,09:40:00,True,2467695.0,9
2021-03-02,2021-03-02,09:40:00,True,2126850.0,9
2021-03-03,2021-03-03,09:40:00,True,2083590.0,9
2021-03-04,2021-03-04,09:40:00,True,1839649.0,9
2021-03-05,2021-03-05,09:40:00,True,1977950.0,9
2021-03-08,2021-03-08,09:40:00,True,2026516.0,9
2021-03-09,2021-03-09,09:40:00,True,2283696.0,9
2021-03-10,2021-03-10,09:40:00,True,2408456.0,9
2021-03-11,2021-03-11,09:40:00,True,2295355.0,9
2021-03-12,2021-03-12,09:40:00,True,2163814.0,9
2021-03-15,2021-03-15,09:40:00,True,1819197.0,9
2021-03-16,2021-03-16,09:40:00,True,1807022.0,9
2021-03-17,2021-03-17,09:40:00,True,1610857.0,9
2021-03-18,2021-03-18,09:40:00,True,1534220.0,9
2021-03-19,2021-03-19,09:40:00,False,1381779.0,59
2021-03-22,2021-03-22,09:40:00,True,1382559.0,9
2021-03-23,2021-03-23,09:40:00,True,1373095.0,9
2021-03-24,2021-03-24,09:40:00,True,1422473.0,9
2021-03-25,2021-03-25,09:40:00,True,1548626.0,9
2021-03-26,2021-03-26,09:40:00,True,1525915.0,9
2021-03-29,2021-03-29,09:40:00,False,1633237.0,59
2021-03-30,2021-03-30,09:40:00,False,1586464.0,59
2021-03-31,2021-03-31,09:40:00,False,1548995.0,60
2021-04-01,2021-04-01,09:40:00,False,1321052.0,60
2021-04-02,2021-04-02,09:40:00,False,1222026.0,60
2021-04-06,2021-04-06,09:40:00,False,1286019.0,60
2021-04-07,2021-04-07,09:40:00,False,1300821.0,60
2021-04-08,2021-04-08,09:40:00,False,1229909.0,61
2021-04-09,2021-04-09,09:40:00,False,1148327.0,61
2021-04-12,2021-04-12,09:40:00,True,1138218.0,9
2021-04-13,2021-04-13,09:40:00,True,1274108.0,9
2021-04-14,2021-04-14,09:40:00,True,1323719.0,9
2021-04-15,2021-04-15,09:40:00,True,1380992.0,9
2021-04-16,2021-04-16,09:40:00,True,1280226.0,9
2021-04-19,2021-04-19,09:40:00,True,1277938.0,9
2021-04-20,2021-04-20,09:40:00,False,1422330.0,62
2021-04-21,2021-04-21,09:40:00,False,1467512.0,62
2021-04-22,2021-04-22,09:40:00,False,1461150.0,62
2021-04-23,2021-04-23,09:40:00,False,1331265.0,62
2021-04-26,2021-04-26,09:40:00,False,1284260.0,62
2021-04-27,2021-04-27,09:40:00,False,1416728.0,62
2021-04-28,2021-04-28,09:40:00,False,1382904.0,62
2021-04-29,2021-04-29,09:40:00,False,1406781.0,62
2021-04-30,2021-04-30,09:40:00,False,1333132.0,62
2021-05-06,2021-05-06,09:40:00,False,1447282.0,63
2021-05-07,2021-05-07,09:40:00,True,1506575.0,9
2021-05-10,2021-05-10,09:40:00,True,1534199.0,9
2021-05-11,2021-05-11,09:40:00,True,1485825.0,9
2021-05-12,2021-05-12,09:40:00,True,1482000.0,9
2021-05-13,2021-05-13,09:40:00,True,1372513.0,9
2021-05-14,2021-05-14,09:40:00,True,1334861.0,9
2021-05-17,2021-05-17,09:40:00,False,1570888.0,62
2021-05-18,2021-05-18,09:40:00,False,1828056.0,62
2021-05-19,2021-05-19,09:40:00,False,1820088.0,62
2021-05-20,2021-05-20,09:40:00,False,1536385.0,62
2021-05-21,2021-05-21,09:40:00,False,1328302.0,62
2021-05-24,2021-05-24,09:40:00,False,1373825.0,62
2021-05-25,2021-05-25,09:40:00,False,1386746.0,62
2021-05-26,2021-05-26,09:40:00,False,1791575.0,63
2021-05-27,2021-05-27,09:40:00,False,1913217.0,63
2021-05-28,2021-05-28,09:40:00,False,2056167.0,63
2021-05-31,2021-05-31,09:40:00,False,1831816.0,64
2021-06-01,2021-06-01,09:40:00,False,1812550.0,64
2021-06-02,2021-06-02,09:40:00,False,1849107.0,64
2021-06-03,2021-06-03,09:40:00,False,1814928.0,64
2021-06-04,2021-06-04,09:40:00,True,1773671.0,9
2021-06-07,2021-06-07,09:40:00,False,1743709.0,63
2021-06-08,2021-06-08,09:40:00,True,1647686.0,9
2021-06-09,2021-06-09,09:40:00,True,1690282.0,9
2021-06-10,2021-06-10,09:40:00,True,1547436.0,9
2021-06-11,2021-06-11,09:40:00,False,1632714.0,62
2021-06-15,2021-06-15,09:40:00,True,1591102.0,8
2021-06-16,2021-06-16,09:40:00,True,1626136.0,9
2021-06-17,2021-06-17,09:40:00,True,1611965.0,9
2021-06-18,2021-06-18,09:40:00,True,1622883.0,9
2021-06-21,2021-06-21,09:40:00,True,1747903.0,9
2021-06-22,2021-06-22,09:40:00,True,1758328.0,9
2021-06-23,2021-06-23,09:40:00,True,1788535.0,9
2021-06-24,2021-06-24,09:40:00,False,1796274.0,64
2021-06-25,2021-06-25,09:40:00,False,1751632.0,66
2021-06-28,2021-06-28,09:40:00,False,1877845.0,66
2021-06-29,2021-06-29,09:40:00,False,1821677.0,66
2021-06-30,2021-06-30,09:40:00,False,1789607.0,66
2021-07-01,2021-07-01,09:40:00,False,1644189.0,66
2021-07-02,2021-07-02,09:40:00,False,1707489.0,65
2021-07-05,2021-07-05,09:40:00,True,1812207.0,9
2021-07-06,2021-07-06,09:40:00,True,1847383.0,9
2021-07-07,2021-07-07,09:40:00,True,1930327.0,8
2021-07-08,2021-07-08,09:40:00,True,2077998.0,8
2021-07-09,2021-07-09,09:40:00,True,2245827.0,8
2021-07-12,2021-07-12,09:40:00,True,2260474.0,9
2021-07-13,2021-07-13,09:40:00,False,2264471.0,65
2021-07-14,2021-07-14,09:40:00,False,2200730.0,66
2021-07-15,2021-07-15,09:40:00,False,2121181.0,66
2021-07-16,2021-07-16,09:40:00,False,2010229.0,65
2021-07-19,2021-07-19,09:40:00,True,2010930.0,9
2021-07-20,2021-07-20,09:40:00,True,1959939.0,9
2021-07-21,2021-07-21,09:40:00,True,1880398.0,9
2021-07-22,2021-07-22,09:40:00,False,1986826.0,66
2021-07-23,2021-07-23,09:40:00,False,2061040.0,66
2021-07-26,2021-07-26,09:40:00,True,2204282.0,9
2021-07-27,2021-07-27,09:40:00,True,2410436.0,9
2021-07-28,2021-07-28,09:40:00,True,2757401.0,9
2021-07-29,2021-07-29,09:40:00,True,3073473.0,9
2021-07-30,2021-07-30,09:40:00,True,2965195.0,9
2021-08-02,2021-08-02,09:40:00,True,2671912.0,9
2021-08-03,2021-08-03,09:40:00,False,2533480.0,67
2021-08-04,2021-08-04,09:40:00,False,2415049.0,65
2021-08-05,2021-08-05,09:40:00,False,2484555.0,65
2021-08-06,2021-08-06,09:40:00,False,2263514.0,66
2021-08-09,2021-08-09,09:40:00,False,2116677.0,66
2021-08-10,2021-08-10,09:40:00,False,2040266.0,67
2021-08-11,2021-08-11,09:40:00,False,2147457.0,67
2021-08-12,2021-08-12,09:40:00,False,2144097.0,66
2021-08-13,2021-08-13,09:40:00,False,2021336.0,65
2021-08-16,2021-08-16,09:40:00,True,1878517.0,8
2021-08-17,2021-08-17,09:40:00,True,1907304.0,8
2021-08-18,2021-08-18,09:40:00,True,2103786.0,8
2021-08-19,2021-08-19,09:40:00,True,2286910.0,9
2021-08-20,2021-08-20,09:40:00,True,2375063.0,9
2021-08-23,2021-08-23,09:40:00,True,2460782.0,9
2021-08-24,2021-08-24,09:40:00,True,2392617.0,9
2021-08-25,2021-08-25,09:40:00,False,2462418.0,68
2021-08-26,2021-08-26,09:40:00,False,2236458.0,69
2021-08-27,2021-08-27,09:40:00,True,2172118.0,9
2021-08-30,2021-08-30,09:40:00,True,1966685.0,8
2021-08-31,2021-08-31,09:40:00,False,2025797.0,67
2021-09-01,2021-09-01,09:40:00,True,2093519.0,8
2021-09-02,2021-09-02,09:40:00,True,2400186.0,8
2021-09-03,2021-09-03,09:40:00,True,2443112.0,8
2021-09-06,2021-09-06,09:40:00,True,2513398.0,8
2021-09-07,2021-09-07,09:40:00,False,2406061.0,68
2021-09-08,2021-09-08,09:40:00,False,2407196.0,68
2021-09-09,2021-09-09,09:40:00,False,2298988.0,68
2021-09-10,2021-09-10,09:40:00,False,2117756.0,69
2021-09-13,2021-09-13,09:40:00,False,2139038.0,69
2021-09-14,2021-09-14,09:40:00,False,2109214.0,69
2021-09-15,2021-09-15,09:40:00,False,2209775.0,69
2021-09-16,2021-09-16,09:40:00,True,2063391.0,9
2021-09-17,2021-09-17,09:40:00,True,2150818.0,9
2021-09-22,2021-09-22,09:40:00,True,2214429.0,8
2021-09-23,2021-09-23,09:40:00,True,2186382.0,9
2021-09-24,2021-09-24,09:40:00,True,2055333.0,9
2021-09-27,2021-09-27,09:40:00,True,1978453.0,9
2021-09-28,2021-09-28,09:40:00,True,2249057.0,9
2021-09-29,2021-09-29,09:40:00,True,2218950.0,9
2021-09-30,2021-09-30,09:40:00,True,2275987.0,9
2021-10-08,2021-10-08,09:40:00,True,2033142.0,9
2021-10-11,2021-10-11,09:40:00,False,2056327.0,70
2021-10-12,2021-10-12,09:40:00,False,1948838.0,70
2021-10-13,2021-10-13,09:40:00,True,2039766.0,9
2021-10-14,2021-10-14,09:40:00,False,2020296.0,69
2021-10-15,2021-10-15,09:40:00,False,1874861.0,70
2021-10-18,2021-10-18,09:40:00,False,1775362.0,70
2021-10-19,2021-10-19,09:40:00,False,1839191.0,70
2021-10-20,2021-10-20,09:40:00,False,1921971.0,70
2021-10-21,2021-10-21,09:40:00,False,1861868.0,70
2021-10-22,2021-10-22,09:40:00,False,1769295.0,70
2021-10-25,2021-10-25,09:40:00,False,1766941.0,72
2021-10-26,2021-10-26,09:40:00,False,1810267.0,71
2021-10-27,2021-10-27,09:40:00,False,1828579.0,71
2021-10-28,2021-10-28,09:40:00,False,1834520.0,71
2021-10-29,2021-10-29,09:40:00,True,1836380.0,9
2021-11-01,2021-11-01,09:40:00,False,1914648.0,71
2021-11-02,2021-11-02,09:40:00,False,1944657.0,71
2021-11-03,2021-11-03,09:40:00,False,2102164.0,70
2021-11-04,2021-11-04,09:40:00,False,2013012.0,70
2021-11-05,2021-11-05,09:40:00,False,1949434.0,70
2021-11-08,2021-11-08,09:40:00,False,1768275.0,71
2021-11-09,2021-11-09,09:40:00,False,1912325.0,71
2021-11-10,2021-11-10,09:40:00,False,2094897.0,70
2021-11-11,2021-11-11,09:40:00,False,2344010.0,69
2021-11-12,2021-11-12,09:40:00,False,2479431.0,69
2021-11-15,2021-11-15,09:40:00,False,2458255.0,71
2021-11-16,2021-11-16,09:40:00,False,2346735.0,71
2021-11-17,2021-11-17,09:40:00,False,2285120.0,70
2021-11-18,2021-11-18,09:40:00,False,2232686.0,70
2021-11-19,2021-11-19,09:40:00,True,2240274.0,9
2021-11-22,2021-11-22,09:40:00,False,2212814.0,69
2021-11-23,2021-11-23,09:40:00,False,2389906.0,68
2021-11-24,2021-11-24,09:40:00,False,2392164.0,68
2021-11-25,2021-11-25,09:40:00,False,2338556.0,68
2021-11-26,2021-11-26,09:40:00,False,2139815.0,69
2021-11-29,2021-11-29,09:40:00,False,2107320.0,70
2021-11-30,2021-11-30,09:40:00,False,2144175.0,70
2021-12-01,2021-12-01,09:40:00,False,2217207.0,70
2021-12-02,2021-12-02,09:40:00,False,2170725.0,71
2021-12-03,2021-12-03,09:40:00,True,2082241.0,9
2021-12-06,2021-12-06,09:40:00,False,2113339.0,72
2021-12-07,2021-12-07,09:40:00,True,2338631.0,9
2021-12-08,2021-12-08,09:40:00,True,2505673.0,9
2021-12-09,2021-12-09,09:40:00,False,2560302.0,71
2021-12-10,2021-12-10,09:40:00,False,2662568.0,70
2021-12-13,2021-12-13,09:40:00,False,2611660.0,71
2021-12-14,2021-12-14,09:40:00,False,2705474.0,70
2021-12-15,2021-12-15,09:40:00,False,2474470.0,71
2021-12-16,2021-12-16,09:40:00,False,2399253.0,71
2021-12-17,2021-12-17,09:40:00,False,2234313.0,71
2021-12-20,2021-12-20,09:40:00,True,2364098.0,9
2021-12-21,2021-12-21,09:40:00,True,2686690.0,9
2021-12-22,2021-12-22,09:40:00,True,2707884.0,9
2021-12-23,2021-12-23,09:40:00,True,2591950.0,9
2021-12-24,2021-12-24,09:40:00,True,2278788.0,8
2021-12-27,2021-12-27,09:40:00,True,2259011.0,9
2021-12-28,2021-12-28,09:40:00,True,2188769.0,9
2021-12-29,2021-12-29,09:40:00,False,2260893.0,71
2021-12-30,2021-12-30,09:40:00,True,2303731.0,8
2021-12-31,2021-12-31,09:40:00,True,2419216.0,8
2022-01-04,2022-01-04,09:40:00,False,2399244.0,72
2022-01-05,2022-01-05,09:40:00,True,2424430.0,9
2022-01-06,2022-01-06,09:40:00,True,2520411.0,9
2022-01-07,2022-01-07,09:40:00,True,2598213.0,9
2022-01-10,2022-01-10,09:40:00,True,2566544.0,8
2022-01-11,2022-01-11,09:40:00,True,2415573.0,8
2022-01-12,2022-01-12,09:40:00,True,2316690.0,8
2022-01-13,2022-01-13,09:40:00,True,2376103.0,7
2022-01-14,2022-01-14,09:40:00,True,2420256.0,8
2022-01-17,2022-01-17,09:40:00,True,2430408.0,8
2022-01-18,2022-01-18,09:40:00,True,2305685.0,8
2022-01-19,2022-01-19,09:40:00,False,2273919.0,73
2022-01-20,2022-01-20,09:40:00,True,2294093.0,9
2022-01-21,2022-01-21,09:40:00,True,2436597.0,9
2022-01-24,2022-01-24,09:40:00,True,2542723.0,9
2022-01-25,2022-01-25,09:40:00,True,2484623.0,8
2022-01-26,2022-01-26,09:40:00,True,2471010.0,9
2022-01-27,2022-01-27,09:40:00,True,2371090.0,9
2022-01-28,2022-01-28,09:40:00,True,2525481.0,9
2022-02-07,2022-02-07,09:40:00,True,2541633.0,9
2022-02-08,2022-02-08,09:40:00,True,2491461.0,9
2022-02-09,2022-02-09,09:40:00,True,2369718.0,9
2022-02-10,2022-02-10,09:40:00,True,2271804.0,8
2022-02-11,2022-02-11,09:40:00,True,2276626.0,8
2022-02-14,2022-02-14,09:40:00,True,2301378.0,9
2022-02-15,2022-02-15,09:40:00,True,2268055.0,9
2022-02-16,2022-02-16,09:40:00,True,2328375.0,9
2022-02-17,2022-02-17,09:40:00,False,2167919.0,74
2022-02-18,2022-02-18,09:40:00,False,2143383.0,74
2022-02-21,2022-02-21,09:40:00,False,1966348.0,73
2022-02-22,2022-02-22,09:40:00,False,2022469.0,74
2022-02-23,2022-02-23,09:40:00,True,2068739.0,9
2022-02-24,2022-02-24,09:40:00,False,2215450.0,74
2022-02-25,2022-02-25,09:40:00,True,2558010.0,8
2022-02-28,2022-02-28,09:40:00,True,2612308.0,8
2022-03-01,2022-03-01,09:40:00,True,2543300.0,8
2022-03-02,2022-03-02,09:40:00,False,2217586.0,73
2022-03-03,2022-03-03,09:40:00,True,2084426.0,8
2022-03-04,2022-03-04,09:40:00,True,2132976.0,8
2022-03-07,2022-03-07,09:40:00,True,2282309.0,8
2022-03-08,2022-03-08,09:40:00,True,2581500.0,8
2022-03-09,2022-03-09,09:40:00,True,2916869.0,9
2022-03-10,2022-03-10,09:40:00,True,3207727.0,8
2022-03-11,2022-03-11,09:40:00,True,3240552.0,8
2022-03-14,2022-03-14,09:40:00,True,3139118.0,9
2022-03-15,2022-03-15,09:40:00,True,2922352.0,9
2022-03-16,2022-03-16,09:40:00,True,3215603.0,9
2022-03-17,2022-03-17,09:40:00,True,3634480.0,9
2022-03-18,2022-03-18,09:40:00,True,3885442.0,9
2022-03-21,2022-03-21,09:40:00,False,3628523.0,73
2022-03-22,2022-03-22,09:40:00,False,3125971.0,73
2022-03-23,2022-03-23,09:40:00,False,2711521.0,74
2022-03-24,2022-03-24,09:40:00,False,2558657.0,73
2022-03-25,2022-03-25,09:40:00,False,2429350.0,73
2022-03-28,2022-03-28,09:40:00,True,2562382.0,9
2022-03-29,2022-03-29,09:40:00,True,2548266.0,9
2022-03-30,2022-03-30,09:40:00,True,2511928.0,9
2022-03-31,2022-03-31,09:40:00,False,2494562.0,73
2022-04-01,2022-04-01,09:40:00,True,2321698.0,9
2022-04-06,2022-04-06,09:40:00,True,2370025.0,9
2022-04-07,2022-04-07,09:40:00,True,2238658.0,9
2022-04-08,2022-04-08,09:40:00,True,2280664.0,9
2022-04-11,2022-04-11,09:40:00,True,2217332.0,9
2022-04-12,2022-04-12,09:40:00,True,2303137.0,9
2022-04-13,2022-04-13,09:40:00,True,2517461.0,9
2022-04-14,2022-04-14,09:40:00,True,2548857.0,9
2022-04-15,2022-04-15,09:40:00,True,2544564.0,9
2022-04-18,2022-04-18,09:40:00,True,2298480.0,9
2022-04-19,2022-04-19,09:40:00,True,2234757.0,9
2022-04-20,2022-04-20,09:40:00,True,2079665.0,9
2022-04-21,2022-04-21,09:40:00,True,2152819.0,9
2022-04-22,2022-04-22,09:40:00,True,2355499.0,9
2022-04-25,2022-04-25,09:40:00,True,2520783.0,9
2022-04-26,2022-04-26,09:40:00,True,2794732.0,9
2022-04-27,2022-04-27,09:40:00,True,2942316.0,9
2022-04-28,2022-04-28,09:40:00,True,3264157.0,8
2022-04-29,2022-04-29,09:40:00,True,3147157.0,9
2022-05-05,2022-05-05,09:40:00,False,3263532.0,73
2022-05-06,2022-05-06,09:40:00,False,2944719.0,72
2022-05-09,2022-05-09,09:40:00,True,2825520.0,9
2022-05-10,2022-05-10,09:40:00,True,2267505.0,9
2022-05-11,2022-05-11,09:40:00,False,2313301.0,71
2022-05-12,2022-05-12,09:40:00,False,2611535.0,72
2022-05-13,2022-05-13,09:40:00,False,2821541.0,72
2022-05-16,2022-05-16,09:40:00,False,2678041.0,73
2022-05-17,2022-05-17,09:40:00,False,2309064.0,72
2022-05-18,2022-05-18,09:40:00,False,2272220.0,72
2022-05-19,2022-05-19,09:40:00,False,2294804.0,73
2022-05-20,2022-05-20,09:40:00,False,2349006.0,73
2022-05-23,2022-05-23,09:40:00,False,2479361.0,71
2022-05-24,2022-05-24,09:40:00,False,2438412.0,71
2022-05-25,2022-05-25,09:40:00,True,2468503.0,9
2022-05-26,2022-05-26,09:40:00,True,2281096.0,9
2022-05-27,2022-05-27,09:40:00,True,2351066.0,8
2022-05-30,2022-05-30,09:40:00,True,2353967.0,8
2022-05-31,2022-05-31,09:40:00,False,2396971.0,71
2022-06-01,2022-06-01,09:40:00,False,2513558.0,72
2022-06-02,2022-06-02,09:40:00,False,2413865.0,72
2022-06-06,2022-06-06,09:40:00,False,2481788.0,73
2022-06-07,2022-06-07,09:40:00,False,2567957.0,73
2022-06-08,2022-06-08,09:40:00,False,2791998.0,73
2022-06-09,2022-06-09,09:40:00,False,3064519.0,73
2022-06-10,2022-06-10,09:40:00,False,3103010.0,73
2022-06-13,2022-06-13,09:40:00,False,3152980.0,74
2022-06-14,2022-06-14,09:40:00,False,3077802.0,74
2022-06-15,2022-06-15,09:40:00,False,3183831.0,74
2022-06-16,2022-06-16,09:40:00,False,3554577.0,74
2022-06-17,2022-06-17,09:40:00,False,3643566.0,72
2022-06-20,2022-06-20,09:40:00,False,3649587.0,73
2022-06-21,2022-06-21,09:40:00,False,3360599.0,73
2022-06-22,2022-06-22,09:40:00,False,3281840.0,73
2022-06-23,2022-06-23,09:40:00,False,3083610.0,73
2022-06-24,2022-06-24,09:40:00,False,3021044.0,74
2022-06-27,2022-06-27,09:40:00,False,3090798.0,73
2022-06-28,2022-06-28,09:40:00,False,3395104.0,73
2022-06-29,2022-06-29,09:40:00,False,3508695.0,74
2022-06-30,2022-06-30,09:40:00,False,3654084.0,74
2022-07-01,2022-07-01,09:40:00,False,3591301.0,74
2022-07-04,2022-07-04,09:40:00,False,3265632.0,74
2022-07-05,2022-07-05,09:40:00,False,3103545.0,74
2022-07-06,2022-07-06,09:40:00,False,3005314.0,74
2022-07-07,2022-07-07,09:40:00,True,3259861.0,9
2022-07-08,2022-07-08,09:40:00,True,3143751.0,9
2022-07-11,2022-07-11,09:40:00,True,2962283.0,9
2022-07-12,2022-07-12,09:40:00,True,2844289.0,9
2022-07-13,2022-07-13,09:40:00,True,2875394.0,9
2022-07-14,2022-07-14,09:40:00,True,2867131.0,9
2022-07-15,2022-07-15,09:40:00,True,2822713.0,9
2022-07-18,2022-07-18,09:40:00,True,2786975.0,9
2022-07-19,2022-07-19,09:40:00,True,2795522.0,9
2022-07-20,2022-07-20,09:40:00,True,2725965.0,9
2022-07-21,2022-07-21,09:40:00,True,2582173.0,9
2022-07-22,2022-07-22,09:40:00,True,2567911.0,9
2022-07-25,2022-07-25,09:40:00,True,2612405.0,9
2022-07-26,2022-07-26,09:40:00,True,2617528.0,9
2022-07-27,2022-07-27,09:40:00,True,2547174.0,9
2022-07-28,2022-07-28,09:40:00,True,2418291.0,9
2022-07-29,2022-07-29,09:40:00,True,2560070.0,9
2022-08-01,2022-08-01,09:40:00,True,2818906.0,9
2022-08-02,2022-08-02,09:40:00,True,2969957.0,9
2022-08-03,2022-08-03,09:40:00,True,3123269.0,9
2022-08-04,2022-08-04,09:40:00,True,3171518.0,9
2022-08-05,2022-08-05,09:40:00,True,3361808.0,9
2022-08-08,2022-08-08,09:40:00,True,3405075.0,9
2022-08-09,2022-08-09,09:40:00,True,3254693.0,8
2022-08-10,2022-08-10,09:40:00,False,3057926.0,74
2022-08-11,2022-08-11,09:40:00,True,2851840.0,8
2022-08-12,2022-08-12,09:40:00,False,2970025.0,74
2022-08-15,2022-08-15,09:40:00,False,2999659.0,76
2022-08-16,2022-08-16,09:40:00,False,2971553.0,76
2022-08-17,2022-08-17,09:40:00,False,2842881.0,76
2022-08-18,2022-08-18,09:40:00,False,2877263.0,76
2022-08-19,2022-08-19,09:40:00,False,2872945.0,75
2022-08-22,2022-08-22,09:40:00,True,2861703.0,9
2022-08-23,2022-08-23,09:40:00,False,2845680.0,75
2022-08-24,2022-08-24,09:40:00,False,2855224.0,76
2022-08-25,2022-08-25,09:40:00,True,3040013.0,8
2022-08-26,2022-08-26,09:40:00,True,3133877.0,8
2022-08-29,2022-08-29,09:40:00,True,3182696.0,8
2022-08-30,2022-08-30,09:40:00,True,2974947.0,9
2022-08-31,2022-08-31,09:40:00,True,2846957.0,9
2022-09-01,2022-09-01,09:40:00,True,3028643.0,9
2022-09-02,2022-09-02,09:40:00,True,3078078.0,9
2022-09-05,2022-09-05,09:40:00,True,3083434.0,9
2022-09-06,2022-09-06,09:40:00,True,2854903.0,10
2022-09-07,2022-09-07,09:40:00,True,2795563.0,10
2022-09-08,2022-09-08,09:40:00,True,2817408.0,10
2022-09-09,2022-09-09,09:40:00,True,2725704.0,10
2022-09-13,2022-09-13,09:40:00,False,2845483.0,76
2022-09-14,2022-09-14,09:40:00,False,2743876.0,76
2022-09-15,2022-09-15,09:40:00,False,2854557.0,76
2022-09-16,2022-09-16,09:40:00,True,2861885.0,10
2022-09-19,2022-09-19,09:40:00,True,3091278.0,9
2022-09-20,2022-09-20,09:40:00,True,3058010.0,9
2022-09-21,2022-09-21,09:40:00,True,2845507.0,8
2022-09-22,2022-09-22,09:40:00,True,2680901.0,9
2022-09-23,2022-09-23,09:40:00,True,2673692.0,10
2022-09-26,2022-09-26,09:40:00,True,2774402.0,9
2022-09-27,2022-09-27,09:40:00,True,2899922.0,10
2022-09-28,2022-09-28,09:40:00,True,2988997.0,9
2022-09-29,2022-09-29,09:40:00,True,2977476.0,10
2022-09-30,2022-09-30,09:40:00,True,2934927.0,10
2022-10-10,2022-10-10,09:40:00,True,2927443.0,10
2022-10-11,2022-10-11,09:40:00,True,2908611.0,10
2022-10-12,2022-10-12,09:40:00,True,2804378.0,10
2022-10-13,2022-10-13,09:40:00,True,2961549.0,10
2022-10-14,2022-10-14,09:40:00,True,3005273.0,10
2022-10-17,2022-10-17,09:40:00,False,3352543.0,77
2022-10-18,2022-10-18,09:40:00,False,3194057.0,77
2022-10-19,2022-10-19,09:40:00,False,3355911.0,76
2022-10-20,2022-10-20,09:40:00,False,3093876.0,76
2022-10-21,2022-10-21,09:40:00,False,3368713.0,76
2022-10-24,2022-10-24,09:40:00,False,3271373.0,74
2022-10-25,2022-10-25,09:40:00,True,3732511.0,9
2022-10-26,2022-10-26,09:40:00,True,3896800.0,9
2022-10-27,2022-10-27,09:40:00,True,4350865.0,9
2022-10-28,2022-10-28,09:40:00,True,4249184.0,9
2022-10-31,2022-10-31,09:40:00,True,4155506.0,8
2022-11-01,2022-11-01,09:40:00,True,4026217.0,9
2022-11-02,2022-11-02,09:40:00,True,4291306.0,8
2022-11-03,2022-11-03,09:40:00,False,4540168.0,77
2022-11-04,2022-11-04,09:40:00,False,4390773.0,77
2022-11-07,2022-11-07,09:40:00,False,4641069.0,77
2022-11-08,2022-11-08,09:40:00,False,4601636.0,77
2022-11-09,2022-11-09,09:40:00,False,4675486.0,77
2022-11-10,2022-11-10,09:40:00,False,3939900.0,77
2022-11-11,2022-11-11,09:40:00,False,3622648.0,77
2022-11-14,2022-11-14,09:40:00,False,4220665.0,79
2022-11-15,2022-11-15,09:40:00,False,4751154.0,78
2022-11-16,2022-11-16,09:40:00,False,5293498.0,79
2022-11-17,2022-11-17,09:40:00,False,4937490.0,79
2022-11-18,2022-11-18,09:40:00,False,4754994.0,79
2022-11-21,2022-11-21,09:40:00,False,4525015.0,78
2022-11-22,2022-11-22,09:40:00,True,4246492.0,8
2022-11-23,2022-11-23,09:40:00,True,4241898.0,8
2022-11-24,2022-11-24,09:40:00,True,4082830.0,8
2022-11-25,2022-11-25,09:40:00,True,4004215.0,8
2022-11-28,2022-11-28,09:40:00,True,3659044.0,8
2022-11-29,2022-11-29,09:40:00,True,3548607.0,8
2022-11-30,2022-11-30,09:40:00,True,3957882.0,8
2022-12-01,2022-12-01,09:40:00,False,4225647.0,79
2022-12-02,2022-12-02,09:40:00,False,4706980.0,77
2022-12-05,2022-12-05,09:40:00,False,4465899.0,77
2022-12-06,2022-12-06,09:40:00,False,4739455.0,77
2022-12-07,2022-12-07,09:40:00,False,4571152.0,77
2022-12-08,2022-12-08,09:40:00,False,4922871.0,77
2022-12-09,2022-12-09,09:40:00,False,4759244.0,77
2022-12-12,2022-12-12,09:40:00,False,4764657.0,77
2022-12-13,2022-12-13,09:40:00,False,4432719.0,77
2022-12-14,2022-12-14,09:40:00,True,4263773.0,8
2022-12-15,2022-12-15,09:40:00,True,3958153.0,8
2022-12-16,2022-12-16,09:40:00,True,3803919.0,8
2022-12-19,2022-12-19,09:40:00,True,3915310.0,9
2022-12-20,2022-12-20,09:40:00,True,4064274.0,8
2022-12-21,2022-12-21,09:40:00,True,4324880.0,8
2022-12-22,2022-12-22,09:40:00,True,4105811.0,9
2022-12-23,2022-12-23,09:40:00,True,3948338.0,10
2022-12-26,2022-12-26,09:40:00,True,3788223.0,10
2022-12-27,2022-12-27,09:40:00,True,3721548.0,9
2022-12-28,2022-12-28,09:40:00,False,3549158.0,76
2022-12-29,2022-12-29,09:40:00,True,3492089.0,8
2022-12-30,2022-12-30,09:40:00,True,3571765.0,8
2023-01-03,2023-01-03,09:40:00,False,3647445.0,77
2023-01-04,2023-01-04,09:40:00,False,3880519.0,77
2023-01-05,2023-01-05,09:40:00,False,4010032.0,77
2023-01-06,2023-01-06,09:40:00,False,4378410.0,79
2023-01-09,2023-01-09,09:40:00,False,4300653.0,79
2023-01-10,2023-01-10,09:40:00,False,4216474.0,79
2023-01-11,2023-01-11,09:40:00,False,3795351.0,80
2023-01-12,2023-01-12,09:40:00,False,3585835.0,80
2023-01-13,2023-01-13,09:40:00,False,3586200.0,80
2023-01-16,2023-01-16,09:40:00,False,3678065.0,80
2023-01-17,2023-01-17,09:40:00,False,4162469.0,80
2023-01-18,2023-01-18,09:40:00,False,4197064.0,81
2023-01-19,2023-01-19,09:40:00,False,4044079.0,81
2023-01-20,2023-01-20,09:40:00,False,3561837.0,81
2023-01-30,2023-01-30,09:40:00,False,3599378.0,81
2023-01-31,2023-01-31,09:40:00,False,4089792.0,81
2023-02-01,2023-02-01,09:40:00,False,4244976.0,81
2023-02-02,2023-02-02,09:40:00,False,4336656.0,81
2023-02-03,2023-02-03,09:40:00,False,4154432.0,80
2023-02-06,2023-02-06,09:40:00,False,4232610.0,81
2023-02-07,2023-02-07,09:40:00,True,4126981.0,11
2023-02-08,2023-02-08,09:40:00,True,4056099.0,11
2023-02-09,2023-02-09,09:40:00,True,3793176.0,10
2023-02-10,2023-02-10,09:40:00,True,3839384.0,11
2023-02-13,2023-02-13,09:40:00,True,3829307.0,11
2023-02-14,2023-02-14,09:40:00,False,3973437.0,81
2023-02-15,2023-02-15,09:40:00,False,3559092.0,80
2023-02-16,2023-02-16,09:40:00,False,3368168.0,81
2023-02-17,2023-02-17,09:40:00,True,3636351.0,11
2023-02-20,2023-02-20,09:40:00,True,4029031.0,10
2023-02-21,2023-02-21,09:40:00,True,4383352.0,9
2023-02-22,2023-02-22,09:40:00,False,4030288.0,79
2023-02-23,2023-02-23,09:40:00,True,3788839.0,9
2023-02-24,2023-02-24,09:40:00,True,3456827.0,9
2023-02-27,2023-02-27,09:40:00,True,3344702.0,9
2023-02-28,2023-02-28,09:40:00,True,3415553.0,9
2023-03-01,2023-03-01,09:40:00,True,3429747.0,10
2023-03-02,2023-03-02,09:40:00,False,3833722.0,79
2023-03-03,2023-03-03,09:40:00,False,3868002.0,79
2023-03-06,2023-03-06,09:40:00,False,3982394.0,79
2023-03-07,2023-03-07,09:40:00,False,3765304.0,81
2023-03-08,2023-03-08,09:40:00,True,3966534.0,10
2023-03-09,2023-03-09,09:40:00,True,3837170.0,10
2023-03-10,2023-03-10,09:40:00,True,3612971.0,10
2023-03-13,2023-03-13,09:40:00,True,3457928.0,10
2023-03-14,2023-03-14,09:40:00,True,3609508.0,11
2023-03-15,2023-03-15,09:40:00,True,3898775.0,11
2023-03-16,2023-03-16,09:40:00,True,3894249.0,11
2023-03-17,2023-03-17,09:40:00,True,3960419.0,10
2023-03-20,2023-03-20,09:40:00,True,4157614.0,10
2023-03-21,2023-03-21,09:40:00,True,4218596.0,10
2023-03-22,2023-03-22,09:40:00,False,4178570.0,81
2023-03-23,2023-03-23,09:40:00,False,3839420.0,81
2023-03-24,2023-03-24,09:40:00,False,3985006.0,81
2023-03-27,2023-03-27,09:40:00,False,4004594.0,82
2023-03-28,2023-03-28,09:40:00,False,4286928.0,82
2023-03-29,2023-03-29,09:40:00,False,4156213.0,81
2023-03-30,2023-03-30,09:40:00,False,4325845.0,80
2023-03-31,2023-03-31,09:40:00,False,4208853.0,80
2023-04-03,2023-04-03,09:40:00,False,4207239.0,82
2023-04-04,2023-04-04,09:40:00,False,4317784.0,81
2023-04-06,2023-04-06,09:40:00,False,4531609.0,80
2023-04-07,2023-04-07,09:40:00,False,4693720.0,79
2023-04-10,2023-04-10,09:40:00,False,4482333.0,79
2023-04-11,2023-04-11,09:40:00,False,4233512.0,80
2023-04-12,2023-04-12,09:40:00,False,4228233.0,81
2023-04-13,2023-04-13,09:40:00,False,4274010.0,81
2023-04-14,2023-04-14,09:40:00,True,4461656.0,10
2023-04-17,2023-04-17,09:40:00,True,4461688.0,11
2023-04-18,2023-04-18,09:40:00,False,4469168.0,81
2023-04-19,2023-04-19,09:40:00,False,4296045.0,81
2023-04-20,2023-04-20,09:40:00,False,4053732.0,79
2023-04-21,2023-04-21,09:40:00,True,4077766.0,8
2023-04-24,2023-04-24,09:40:00,True,4302259.0,9
2023-04-25,2023-04-25,09:40:00,True,4576335.0,9
2023-04-26,2023-04-26,09:40:00,True,4808531.0,8
2023-04-27,2023-04-27,09:40:00,True,4879449.0,10
2023-04-28,2023-04-28,09:40:00,True,4765191.0,10
2023-05-04,2023-05-04,09:40:00,True,4542705.0,11
2023-05-05,2023-05-05,09:40:00,True,4185392.0,11
2023-05-08,2023-05-08,09:40:00,True,4111619.0,11
2023-05-09,2023-05-09,09:40:00,True,3993559.0,10
2023-05-10,2023-05-10,09:40:00,True,4239905.0,10
2023-05-11,2023-05-11,09:40:00,True,4341896.0,10
2023-05-12,2023-05-12,09:40:00,True,4175002.0,11
2023-05-15,2023-05-15,09:40:00,True,3966015.0,11
2023-05-16,2023-05-16,09:40:00,True,3959013.0,11
2023-05-17,2023-05-17,09:40:00,True,3945410.0,11
2023-05-18,2023-05-18,09:40:00,True,3733847.0,11
2023-05-19,2023-05-19,09:40:00,True,3545280.0,10
2023-05-22,2023-05-22,09:40:00,True,3640628.0,10
2023-05-23,2023-05-23,09:40:00,True,3802421.0,10
2023-05-24,2023-05-24,09:40:00,True,3736227.0,10
2023-05-25,2023-05-25,09:40:00,True,3761182.0,11
2023-05-26,2023-05-26,09:40:00,True,3816762.0,11
2023-05-29,2023-05-29,09:40:00,True,3811800.0,11
2023-05-30,2023-05-30,09:40:00,True,3795815.0,11
2023-05-31,2023-05-31,09:40:00,True,3815675.0,11
2023-06-01,2023-06-01,09:40:00,True,4051311.0,10
2023-06-02,2023-06-02,09:40:00,True,4224279.0,10
2023-06-05,2023-06-05,09:40:00,False,4230354.0,82
2023-06-06,2023-06-06,09:40:00,False,4065803.0,84
2023-06-07,2023-06-07,09:40:00,True,3949844.0,11
2023-06-08,2023-06-08,09:40:00,True,3794018.0,11
2023-06-09,2023-06-09,09:40:00,True,3895592.0,11
2023-06-12,2023-06-12,09:40:00,True,3873649.0,11
2023-06-13,2023-06-13,09:40:00,False,3848722.0,83
2023-06-14,2023-06-14,09:40:00,False,3810119.0,83
2023-06-15,2023-06-15,09:40:00,False,3849813.0,82
2023-06-16,2023-06-16,09:40:00,False,4182853.0,84
2023-06-19,2023-06-19,09:40:00,False,4413818.0,83
2023-06-20,2023-06-20,09:40:00,False,4390040.0,83
2023-06-21,2023-06-21,09:40:00,False,4195370.0,82
2023-06-26,2023-06-26,09:40:00,False,4119910.0,82
2023-06-27,2023-06-27,09:40:00,True,4328813.0,11
2023-06-28,2023-06-28,09:40:00,True,4319973.0,11
2023-06-29,2023-06-29,09:40:00,True,4273466.0,11
2023-06-30,2023-06-30,09:40:00,True,4017963.0,11
2023-07-03,2023-07-03,09:40:00,True,4142533.0,10
2023-07-04,2023-07-04,09:40:00,False,4100292.0,83
2023-07-05,2023-07-05,09:40:00,False,4034911.0,83
2023-07-06,2023-07-06,09:40:00,False,3714615.0,83
2023-07-07,2023-07-07,09:40:00,True,3569069.0,10
2023-07-10,2023-07-10,09:40:00,True,3599080.0,11
2023-07-11,2023-07-11,09:40:00,True,3618726.0,11
2023-07-12,2023-07-12,09:40:00,False,3540659.0,83
2023-07-13,2023-07-13,09:40:00,True,3475246.0,11
2023-07-14,2023-07-14,09:40:00,False,3768121.0,83
2023-07-17,2023-07-17,09:40:00,False,3720363.0,83
2023-07-18,2023-07-18,09:40:00,True,3486510.0,11
2023-07-19,2023-07-19,09:40:00,True,3041476.0,11
2023-07-20,2023-07-20,09:40:00,True,3148667.0,11
2023-07-21,2023-07-21,09:40:00,True,3559604.0,11
2023-07-24,2023-07-24,09:40:00,True,3881099.0,11
2023-07-25,2023-07-25,09:40:00,True,3823921.0,11
2023-07-26,2023-07-26,09:40:00,False,4225671.0,84
2023-07-27,2023-07-27,09:40:00,False,4212701.0,84
2023-07-28,2023-07-28,09:40:00,False,4450149.0,85
2023-07-31,2023-07-31,09:40:00,False,4612069.0,83
2023-08-01,2023-08-01,09:40:00,False,5338086.0,84
2023-08-02,2023-08-02,09:40:00,False,5641611.0,84
2023-08-03,2023-08-03,09:40:00,False,5316079.0,84
2023-08-04,2023-08-04,09:40:00,False,4907950.0,83
2023-08-07,2023-08-07,09:40:00,False,5103161.0,83
2023-08-08,2023-08-08,09:40:00,False,5079287.0,82
2023-08-09,2023-08-09,09:40:00,False,4966606.0,82
2023-08-10,2023-08-10,09:40:00,True,4580325.0,11
2023-08-11,2023-08-11,09:40:00,True,4383683.0,12
2023-08-14,2023-08-14,09:40:00,True,4559433.0,12
2023-08-15,2023-08-15,09:40:00,True,4607962.0,12
2023-08-16,2023-08-16,09:40:00,True,4727960.0,11
2023-08-17,2023-08-17,09:40:00,True,4491760.0,11
2023-08-18,2023-08-18,09:40:00,True,4693978.0,12
2023-08-21,2023-08-21,09:40:00,True,4831703.0,12
2023-08-22,2023-08-22,09:40:00,True,4971209.0,12
2023-08-23,2023-08-23,09:40:00,True,5037944.0,10
2023-08-24,2023-08-24,09:40:00,True,4944285.0,10
2023-08-25,2023-08-25,09:40:00,True,5156900.0,10
2023-08-28,2023-08-28,09:40:00,True,4985287.0,10
2023-08-29,2023-08-29,09:40:00,True,6005691.0,10
2023-08-30,2023-08-30,09:40:00,False,6401797.0,82
2023-08-31,2023-08-31,09:40:00,False,6654915.0,83
2023-09-01,2023-09-01,09:40:00,False,5798134.0,83
2023-09-04,2023-09-04,09:40:00,False,4849322.0,84
2023-09-05,2023-09-05,09:40:00,False,4530004.0,86
2023-09-06,2023-09-06,09:40:00,False,4218370.0,86
2023-09-07,2023-09-07,09:40:00,False,4365028.0,86
2023-09-08,2023-09-08,09:40:00,True,4253642.0,12
2023-09-11,2023-09-11,09:40:00,True,4138890.0,12
2023-09-12,2023-09-12,09:40:00,True,4292995.0,11
2023-09-13,2023-09-13,09:40:00,True,3992452.0,11
2023-09-14,2023-09-14,09:40:00,True,4125581.0,11
2023-09-15,2023-09-15,09:40:00,True,3950831.0,11
2023-09-18,2023-09-18,09:40:00,True,4339405.0,11
2023-09-19,2023-09-19,09:40:00,True,4351367.0,11
2023-09-20,2023-09-20,09:40:00,True,4235616.0,12
2023-09-21,2023-09-21,09:40:00,True,3909961.0,12
2023-09-22,2023-09-22,09:40:00,True,3846836.0,12
2023-09-25,2023-09-25,09:40:00,True,4346161.0,12
2023-09-26,2023-09-26,09:40:00,True,4426422.0,12
2023-09-27,2023-09-27,09:40:00,True,4294074.0,12
2023-09-28,2023-09-28,09:40:00,True,3943065.0,12
2023-10-09,2023-10-09,09:40:00,True,4091688.0,11
2023-10-10,2023-10-10,09:40:00,True,4282903.0,11
2023-10-11,2023-10-11,09:40:00,True,4309338.0,11
2023-10-12,2023-10-12,09:40:00,True,4251544.0,11
2023-10-13,2023-10-13,09:40:00,False,4150207.0,89
2023-10-16,2023-10-16,09:40:00,True,3960168.0,12
2023-10-17,2023-10-17,09:40:00,True,3864105.0,12
2023-10-18,2023-10-18,09:40:00,True,3689275.0,12
2023-10-19,2023-10-19,09:40:00,True,3697354.0,12
2023-10-20,2023-10-20,09:40:00,True,3819616.0,12
2023-10-23,2023-10-23,09:40:00,True,3994489.0,12
2023-10-24,2023-10-24,09:40:00,True,4176842.0,12
2023-10-25,2023-10-25,09:40:00,True,4386328.0,12
2023-10-26,2023-10-26,09:40:00,True,4673453.0,11
2023-10-27,2023-10-27,09:40:00,True,4640698.0,11
2023-10-30,2023-10-30,09:40:00,False,4727361.0,89
2023-10-31,2023-10-31,09:40:00,False,4860817.0,90
2023-11-01,2023-11-01,09:40:00,False,4888385.0,90
2023-11-02,2023-11-02,09:40:00,False,4528144.0,92
2023-11-03,2023-11-03,09:40:00,False,4100614.0,91
2023-11-06,2023-11-06,09:40:00,False,4167871.0,91
2023-11-07,2023-11-07,09:40:00,False,4711689.0,91
2023-11-08,2023-11-08,09:40:00,False,4793804.0,91
2023-11-09,2023-11-09,09:40:00,False,4903636.0,92
2023-11-10,2023-11-10,09:40:00,False,4368674.0,91
2023-11-13,2023-11-13,09:40:00,False,4294914.0,91
2023-11-14,2023-11-14,09:40:00,False,3956991.0,91
2023-11-15,2023-11-15,09:40:00,False,3861260.0,91
2023-11-16,2023-11-16,09:40:00,False,3989382.0,92
2023-11-17,2023-11-17,09:40:00,True,4175236.0,13
2023-11-20,2023-11-20,09:40:00,True,4279604.0,13
2023-11-21,2023-11-21,09:40:00,True,4139466.0,13
2023-11-22,2023-11-22,09:40:00,True,4049269.0,13
2023-11-23,2023-11-23,09:40:00,True,3989982.0,13
2023-11-24,2023-11-24,09:40:00,True,3938932.0,13
2023-11-27,2023-11-27,09:40:00,True,3784392.0,13
2023-11-28,2023-11-28,09:40:00,True,3643651.0,13
2023-11-29,2023-11-29,09:40:00,True,3541750.0,13
2023-11-30,2023-11-30,09:40:00,True,3706242.0,13
2023-12-01,2023-12-01,09:40:00,True,3854293.0,13
2023-12-04,2023-12-04,09:40:00,True,4169877.0,13
2023-12-05,2023-12-05,09:40:00,True,4181042.0,13
2023-12-06,2023-12-06,09:40:00,True,4247528.0,13
2023-12-07,2023-12-07,09:40:00,True,4193235.0,13
2023-12-08,2023-12-08,09:40:00,True,4048179.0,13
2023-12-11,2023-12-11,09:40:00,True,4009455.0,13
2023-12-12,2023-12-12,09:40:00,True,4309393.0,13
2023-12-13,2023-12-13,09:40:00,True,4475310.0,13
2023-12-14,2023-12-14,09:40:00,True,4457030.0,13
2023-12-15,2023-12-15,09:40:00,True,4170509.0,13
2023-12-18,2023-12-18,09:40:00,True,4345933.0,13
2023-12-19,2023-12-19,09:40:00,True,4375005.0,13
2023-12-20,2023-12-20,09:40:00,True,4421519.0,13
2023-12-21,2023-12-21,09:40:00,True,4275306.0,13
2023-12-22,2023-12-22,09:40:00,True,4581334.0,13
2023-12-25,2023-12-25,09:40:00,True,5034824.0,13
2023-12-26,2023-12-26,09:40:00,True,4858305.0,13
2023-12-27,2023-12-27,09:40:00,True,4515327.0,13
2023-12-28,2023-12-28,09:40:00,True,4068698.0,13
2023-12-29,2023-12-29,09:40:00,False,4781390.0,94
2024-01-02,2024-01-02,09:40:00,False,5112756.0,94
2024-01-03,2024-01-03,09:40:00,False,4981050.0,93
2024-01-04,2024-01-04,09:40:00,False,4391588.0,93
2024-01-05,2024-01-05,09:40:00,True,3995830.0,13
2024-01-08,2024-01-08,09:40:00,True,3991685.0,13
2024-01-09,2024-01-09,09:40:00,True,4075935.0,13
2024-01-10,2024-01-10,09:40:00,True,4165233.0,13
2024-01-11,2024-01-11,09:40:00,True,4044878.0,14
2024-01-12,2024-01-12,09:40:00,True,4013106.0,14
2024-01-15,2024-01-15,09:40:00,True,3852799.0,14
2024-01-16,2024-01-16,09:40:00,True,3849643.0,14
2024-01-17,2024-01-17,09:40:00,True,4137994.0,14
2024-01-18,2024-01-18,09:40:00,True,4669086.0,14
2024-01-19,2024-01-19,09:40:00,True,5681508.0,14
2024-01-22,2024-01-22,09:40:00,True,5829286.0,14
2024-01-23,2024-01-23,09:40:00,True,6312998.0,13
2024-01-24,2024-01-24,09:40:00,True,5979744.0,14
2024-01-25,2024-01-25,09:40:00,True,6182339.0,14
2024-01-26,2024-01-26,09:40:00,False,5842719.0,96
2024-01-29,2024-01-29,09:40:00,False,5863886.0,98
2024-01-30,2024-01-30,09:40:00,False,5321369.0,98
2024-01-31,2024-01-31,09:40:00,True,5022742.0,14
2024-02-01,2024-02-01,09:40:00,True,4997683.0,14
2024-02-02,2024-02-02,09:40:00,True,5372858.0,14
2024-02-05,2024-02-05,09:40:00,True,5881450.0,16
2024-02-06,2024-02-06,09:40:00,True,6714848.0,16
2024-02-07,2024-02-07,09:40:00,False,7246994.0,97
2024-02-08,2024-02-08,09:40:00,False,7963376.0,96
2024-02-19,2024-02-19,09:40:00,False,7748989.0,97
2024-02-20,2024-02-20,09:40:00,False,7463400.0,97
2024-02-21,2024-02-21,09:40:00,False,6164643.0,98
2024-02-22,2024-02-22,09:40:00,False,5610125.0,98
2024-02-23,2024-02-23,09:40:00,False,4950546.0,98
2024-02-26,2024-02-26,09:40:00,False,4980929.0,98
2024-02-27,2024-02-27,09:40:00,False,4573007.0,98
2024-02-28,2024-02-28,09:40:00,False,4720432.0,98
2024-02-29,2024-02-29,09:40:00,False,5344322.0,98
2024-03-01,2024-03-01,09:40:00,False,5662012.0,99
2024-03-04,2024-03-04,09:40:00,False,5843874.0,99
2024-03-05,2024-03-05,09:40:00,False,5290451.0,99
2024-03-06,2024-03-06,09:40:00,False,5763270.0,98
2024-03-07,2024-03-07,09:40:00,False,5632437.0,99
2024-03-08,2024-03-08,09:40:00,False,5593729.0,99
2024-03-11,2024-03-11,09:40:00,False,4721213.0,99
2024-03-12,2024-03-12,09:40:00,False,4706748.0,100
2024-03-13,2024-03-13,09:40:00,False,5032652.0,99
2024-03-14,2024-03-14,09:40:00,False,5117574.0,99
2024-03-15,2024-03-15,09:40:00,False,5020907.0,99
2024-03-18,2024-03-18,09:40:00,False,4597721.0,99
2024-03-19,2024-03-19,09:40:00,False,4865821.0,99
2024-03-20,2024-03-20,09:40:00,False,4729642.0,98
2024-03-21,2024-03-21,09:40:00,False,4692452.0,98
2024-03-22,2024-03-22,09:40:00,False,4382878.0,101
2024-03-25,2024-03-25,09:40:00,True,4732066.0,16
2024-03-26,2024-03-26,09:40:00,True,4736755.0,16
2024-03-27,2024-03-27,09:40:00,True,4702554.0,16
2024-03-28,2024-03-28,09:40:00,True,4422350.0,15
2024-03-29,2024-03-29,09:40:00,True,4455569.0,15
2024-04-01,2024-04-01,09:40:00,True,4193425.0,16
2024-04-02,2024-04-02,09:40:00,False,4184747.0,100
2024-04-03,2024-04-03,09:40:00,False,4214037.0,99
2024-04-08,2024-04-08,09:40:00,False,4336106.0,98
2024-04-09,2024-04-09,09:40:00,True,4332671.0,15
2024-04-10,2024-04-10,09:40:00,True,4250627.0,16
2024-04-11,2024-04-11,09:40:00,True,4379034.0,15
2024-04-12,2024-04-12,09:40:00,True,4393578.0,15
2024-04-15,2024-04-15,09:40:00,True,4503393.0,15
2024-04-16,2024-04-16,09:40:00,True,4690041.0,15
2024-04-17,2024-04-17,09:40:00,True,4883280.0,15
2024-04-18,2024-04-18,09:40:00,True,5025396.0,15
2024-04-19,2024-04-19,09:40:00,True,5024723.0,15
2024-04-22,2024-04-22,09:40:00,True,5095781.0,15
2024-04-23,2024-04-23,09:40:00,True,4771320.0,15
2024-04-24,2024-04-24,09:40:00,True,4503161.0,15
2024-04-25,2024-04-25,09:40:00,True,4134754.0,15
2024-04-26,2024-04-26,09:40:00,True,4220044.0,15
2024-04-29,2024-04-29,09:40:00,False,4705358.0,97
2024-04-30,2024-04-30,09:40:00,False,5225993.0,99
2024-05-06,2024-05-06,09:40:00,False,5350401.0,98
2024-05-07,2024-05-07,09:40:00,False,5295950.0,98
2024-05-08,2024-05-08,09:40:00,False,4766357.0,97
2024-05-09,2024-05-09,09:40:00,False,4758463.0,98
2024-05-10,2024-05-10,09:40:00,False,4598969.0,99
2024-05-13,2024-05-13,09:40:00,False,5002058.0,99
2024-05-14,2024-05-14,09:40:00,False,5009369.0,99
2024-05-15,2024-05-15,09:40:00,False,4772471.0,99
2024-05-16,2024-05-16,09:40:00,True,4303885.0,15
2024-05-17,2024-05-17,09:40:00,True,4500718.0,16
2024-05-20,2024-05-20,09:40:00,False,4808148.0,99
2024-05-21,2024-05-21,09:40:00,False,5162487.0,98
2024-05-22,2024-05-22,09:40:00,False,4933577.0,97
2024-05-23,2024-05-23,09:40:00,False,4632028.0,97
2024-05-24,2024-05-24,09:40:00,True,4540726.0,15
2024-05-27,2024-05-27,09:40:00,True,4676908.0,15
2024-05-28,2024-05-28,09:40:00,True,4727090.0,15
2024-05-29,2024-05-29,09:40:00,True,4569178.0,15
2024-05-30,2024-05-30,09:40:00,True,4304604.0,15
2024-05-31,2024-05-31,09:40:00,True,4268558.0,15
2024-06-03,2024-06-03,09:40:00,True,4187504.0,15
2024-06-04,2024-06-04,09:40:00,True,4259905.0,15
2024-06-05,2024-06-05,09:40:00,True,4237350.0,15
2024-06-06,2024-06-06,09:40:00,True,4303280.0,15
2024-06-07,2024-06-07,09:40:00,True,4425689.0,15
2024-06-11,2024-06-11,09:40:00,True,4610020.0,15
2024-06-12,2024-06-12,09:40:00,True,4724508.0,15
2024-06-13,2024-06-13,09:40:00,True,4498094.0,15
2024-06-14,2024-06-14,09:40:00,True,4448359.0,15
2024-06-17,2024-06-17,09:40:00,True,4521460.0,15
2024-06-18,2024-06-18,09:40:00,True,4611391.0,15
2024-06-19,2024-06-19,09:40:00,True,4649564.0,15
2024-06-20,2024-06-20,09:40:00,True,4646944.0,15
2024-06-21,2024-06-21,09:40:00,True,4828138.0,15
2024-06-24,2024-06-24,09:40:00,True,5046355.0,15
2024-06-25,2024-06-25,09:40:00,True,5212376.0,15
2024-06-26,2024-06-26,09:40:00,True,5426783.0,15
2024-06-27,2024-06-27,09:40:00,True,5386632.0,15
2024-06-28,2024-06-28,09:40:00,True,5357355.0,16
2024-07-01,2024-07-01,09:40:00,True,5284471.0,16
2024-07-02,2024-07-02,09:40:00,True,4802177.0,16
2024-07-03,2024-07-03,09:40:00,True,4616323.0,16
2024-07-04,2024-07-04,09:40:00,True,4477292.0,16
2024-07-05,2024-07-05,09:40:00,True,5104424.0,16
2024-07-08,2024-07-08,09:40:00,True,5319526.0,16
2024-07-09,2024-07-09,09:40:00,True,5283345.0,16
2024-07-10,2024-07-10,09:40:00,True,5225971.0,16
2024-07-11,2024-07-11,09:40:00,True,4954750.0,16
2024-07-12,2024-07-12,09:40:00,False,5088951.0,100
2024-07-15,2024-07-15,09:40:00,False,4948262.0,101
2024-07-16,2024-07-16,09:40:00,False,5162453.0,100
2024-07-17,2024-07-17,09:40:00,False,5368882.0,101
2024-07-18,2024-07-18,09:40:00,False,5608436.0,101
2024-07-19,2024-07-19,09:40:00,False,6150102.0,100
2024-07-22,2024-07-22,09:40:00,False,6487918.0,101
2024-07-23,2024-07-23,09:40:00,False,6268956.0,101
2024-07-24,2024-07-24,09:40:00,True,5539282.0,17
2024-07-25,2024-07-25,09:40:00,True,4955353.0,17
2024-07-26,2024-07-26,09:40:00,True,4893938.0,17
2024-07-29,2024-07-29,09:40:00,True,5015196.0,17
2024-07-30,2024-07-30,09:40:00,True,4774862.0,17
2024-07-31,2024-07-31,09:40:00,True,4764230.0,17
2024-08-01,2024-08-01,09:40:00,False,5234933.0,100
2024-08-02,2024-08-02,09:40:00,True,5440266.0,17
2024-08-05,2024-08-05,09:40:00,True,5504423.0,17
2024-08-06,2024-08-06,09:40:00,True,5649158.0,17
2024-08-07,2024-08-07,09:40:00,True,5892619.0,17
2024-08-08,2024-08-08,09:40:00,True,5795178.0,17
2024-08-09,2024-08-09,09:40:00,True,5051754.0,17
2024-08-12,2024-08-12,09:40:00,True,4581982.0,17
2024-08-13,2024-08-13,09:40:00,True,4295484.0,17
2024-08-14,2024-08-14,09:40:00,True,4210322.0,17
2024-08-15,2024-08-15,09:40:00,True,4122817.0,17
2024-08-16,2024-08-16,09:40:00,True,4499230.0,17
2024-08-19,2024-08-19,09:40:00,True,4761692.0,17
2024-08-20,2024-08-20,09:40:00,True,4895902.0,17
2024-08-21,2024-08-21,09:40:00,True,4762411.0,17
2024-08-22,2024-08-22,09:40:00,True,4398836.0,17
2024-08-23,2024-08-23,09:40:00,True,4477973.0,17
2024-08-26,2024-08-26,09:40:00,True,4241854.0,17
2024-08-27,2024-08-27,09:40:00,True,4224284.0,17
2024-08-28,2024-08-28,09:40:00,True,4247804.0,17
2024-08-29,2024-08-29,09:40:00,True,4429099.0,17
2024-08-30,2024-08-30,09:40:00,True,4738718.0,17
2024-09-02,2024-09-02,09:40:00,False,5155177.0,100
2024-09-03,2024-09-03,09:40:00,True,5103425.0,17
2024-09-04,2024-09-04,09:40:00,True,4936464.0,17
2024-09-05,2024-09-05,09:40:00,True,4331083.0,17
2024-09-06,2024-09-06,09:40:00,True,4320250.0,17
2024-09-09,2024-09-09,09:40:00,True,4166716.0,17
2024-09-10,2024-09-10,09:40:00,True,4177738.0,17
2024-09-11,2024-09-11,09:40:00,True,4077760.0,17
2024-09-12,2024-09-12,09:40:00,True,4275795.0,17
2024-09-13,2024-09-13,09:40:00,True,4221911.0,17
2024-09-18,2024-09-18,09:40:00,True,4092341.0,17
2024-09-19,2024-09-19,09:40:00,True,3887363.0,17
2024-09-20,2024-09-20,09:40:00,True,4306356.0,17
2024-09-23,2024-09-23,09:40:00,True,4990649.0,17
2024-09-24,2024-09-24,09:40:00,False,5192491.0,101
2024-09-25,2024-09-25,09:40:00,False,6114871.0,101
2024-09-26,2024-09-26,09:40:00,False,6860427.0,101
2024-09-27,2024-09-27,09:40:00,False,8548212.0,101
2024-09-30,2024-09-30,09:40:00,False,8532180.0,100
2024-10-08,2024-10-08,09:40:00,False,12105426.0,98
2024-10-09,2024-10-09,09:40:00,False,17990695.0,98
2024-10-10,2024-10-10,09:40:00,False,23745631.0,97
2024-10-11,2024-10-11,09:40:00,False,23204788.0,99
2024-10-14,2024-10-14,09:40:00,False,18155032.0,97
2024-10-15,2024-10-15,09:40:00,False,14183757.0,97
2024-10-16,2024-10-16,09:40:00,False,12568716.0,99
2024-10-17,2024-10-17,09:40:00,True,12187895.0,17
2024-10-18,2024-10-18,09:40:00,True,11188155.0,17
2024-10-21,2024-10-21,09:40:00,True,13089748.0,16
2024-10-22,2024-10-22,09:40:00,False,14526027.0,99
2024-10-23,2024-10-23,09:40:00,False,14628824.0,99
2024-10-24,2024-10-24,09:40:00,False,12253611.0,99
2024-10-25,2024-10-25,09:40:00,False,9978215.0,100
2024-10-28,2024-10-28,09:40:00,False,9745171.0,100
2024-10-29,2024-10-29,09:40:00,False,8960228.0,101
2024-10-30,2024-10-30,09:40:00,False,9588581.0,101
2024-10-31,2024-10-31,09:40:00,True,9303990.0,17
2024-11-01,2024-11-01,09:40:00,True,9906637.0,17
2024-11-04,2024-11-04,09:40:00,True,9443726.0,17
2024-11-05,2024-11-05,09:40:00,False,8844113.0,102
2024-11-06,2024-11-06,09:40:00,False,9664730.0,101
2024-11-07,2024-11-07,09:40:00,False,11162260.0,101
2024-11-08,2024-11-08,09:40:00,False,13167143.0,100
2024-11-11,2024-11-11,09:40:00,False,13475516.0,101
2024-11-12,2024-11-12,09:40:00,False,12936657.0,101
2024-11-13,2024-11-13,09:40:00,False,12722120.0,100
2024-11-14,2024-11-14,09:40:00,False,11629068.0,100
2024-11-15,2024-11-15,09:40:00,True,10952511.0,17
2024-11-18,2024-11-18,09:40:00,True,10125541.0,17
2024-11-19,2024-11-19,09:40:00,True,9964024.0,17
2024-11-20,2024-11-20,09:40:00,True,9806815.0,17
2024-11-21,2024-11-21,09:40:00,True,9296178.0,17
2024-11-22,2024-11-22,09:40:00,True,8575302.0,17
2024-11-25,2024-11-25,09:40:00,True,8659715.0,17
2024-11-26,2024-11-26,09:40:00,True,8645646.0,17
2024-11-27,2024-11-27,09:40:00,True,8545556.0,17
2024-11-28,2024-11-28,09:40:00,True,8445883.0,17
2024-11-29,2024-11-29,09:40:00,True,8376531.0,17
2024-12-02,2024-12-02,09:40:00,False,9566542.0,101
2024-12-03,2024-12-03,09:40:00,False,9691578.0,100
2024-12-04,2024-12-04,09:40:00,False,9853017.0,100
2024-12-05,2024-12-05,09:40:00,False,9117502.0,101
2024-12-06,2024-12-06,09:40:00,False,8670005.0,103
2024-12-09,2024-12-09,09:40:00,False,9226833.0,103
2024-12-10,2024-12-10,09:40:00,False,9122119.0,103
2024-12-11,2024-12-11,09:40:00,False,10923989.0,103
2024-12-12,2024-12-12,09:40:00,False,10375544.0,101
2024-12-13,2024-12-13,09:40:00,False,11035689.0,103
2024-12-16,2024-12-16,09:40:00,True,9912576.0,17
2024-12-17,2024-12-17,09:40:00,True,9732862.0,17
2024-12-18,2024-12-18,09:40:00,True,9592999.0,17
2024-12-19,2024-12-19,09:40:00,True,8882231.0,17
2024-12-20,2024-12-20,09:40:00,True,9501007.0,16
2024-12-23,2024-12-23,09:40:00,True,9447843.0,16
2024-12-24,2024-12-24,09:40:00,True,9937812.0,16
2024-12-25,2024-12-25,09:40:00,True,9579145.0,17
2024-12-26,2024-12-26,09:40:00,True,8914891.0,16
2024-12-27,2024-12-27,09:40:00,False,8210397.0,103
2024-12-30,2024-12-30,09:40:00,False,8548410.0,103
2024-12-31,2024-12-31,09:40:00,False,8834088.0,104
2025-01-02,2025-01-02,09:40:00,True,9731463.0,17
2025-01-03,2025-01-03,09:40:00,True,9852162.0,17
2025-01-06,2025-01-06,09:40:00,True,10173526.0,17
2025-01-07,2025-01-07,09:40:00,True,9748373.0,17
2025-01-08,2025-01-08,09:40:00,True,9386503.0,17
2025-01-09,2025-01-09,09:40:00,True,9501454.0,17
2025-01-10,2025-01-10,09:40:00,True,9300123.0,17
2025-01-13,2025-01-13,09:40:00,True,9378497.0,17
2025-01-14,2025-01-14,09:40:00,True,9013951.0,17
2025-01-15,2025-01-15,09:40:00,False,10158510.0,104
2025-01-16,2025-01-16,09:40:00,False,9784718.0,104
2025-01-17,2025-01-17,09:40:00,False,10170859.0,105
2025-01-20,2025-01-20,09:40:00,False,9266585.0,104
2025-01-21,2025-01-21,09:40:00,False,9521868.0,103
2025-01-22,2025-01-22,09:40:00,False,9218796.0,103
2025-01-23,2025-01-23,09:40:00,False,9134188.0,104
2025-01-24,2025-01-24,09:40:00,False,9592595.0,104
2025-01-27,2025-01-27,09:40:00,False,9656598.0,104
2025-02-05,2025-02-05,09:40:00,True,9738634.0,17
2025-02-06,2025-02-06,09:40:00,True,9546180.0,17
2025-02-07,2025-02-07,09:40:00,False,9936866.0,105
2025-02-10,2025-02-10,09:40:00,False,11590436.0,105
2025-02-11,2025-02-11,09:40:00,False,12093274.0,105
2025-02-12,2025-02-12,09:40:00,False,11946515.0,105
2025-02-13,2025-02-13,09:40:00,False,10955838.0,105
2025-02-14,2025-02-14,09:40:00,False,11297931.0,105
2025-02-17,2025-02-17,09:40:00,False,12135267.0,103
2025-02-18,2025-02-18,09:40:00,False,12944471.0,104
2025-02-19,2025-02-19,09:40:00,False,13117096.0,105
2025-02-20,2025-02-20,09:40:00,False,12877783.0,105
2025-02-21,2025-02-21,09:40:00,False,12105576.0,105
2025-02-24,2025-02-24,09:40:00,False,12356357.0,106
2025-02-25,2025-02-25,09:40:00,False,12711034.0,106
2025-02-26,2025-02-26,09:40:00,False,12868074.0,107
2025-02-27,2025-02-27,09:40:00,False,12395185.0,107
2025-02-28,2025-02-28,09:40:00,False,12973071.0,104
2025-03-03,2025-03-03,09:40:00,True,13660469.0,16
2025-03-04,2025-03-04,09:40:00,True,13630626.0,16
2025-03-05,2025-03-05,09:40:00,True,12432979.0,16
2025-03-06,2025-03-06,09:40:00,True,11763452.0,16
2025-03-07,2025-03-07,09:40:00,False,12209585.0,103
2025-03-10,2025-03-10,09:40:00,False,12970928.0,103
2025-03-11,2025-03-11,09:40:00,False,12795475.0,103
2025-03-12,2025-03-12,09:40:00,False,12224632.0,103
2025-03-13,2025-03-13,09:40:00,False,11348196.0,103
2025-03-14,2025-03-14,09:40:00,True,11532272.0,17
2025-03-17,2025-03-17,09:40:00,False,12285782.0,106
2025-03-18,2025-03-18,09:40:00,False,12106896.0,106
2025-03-19,2025-03-19,09:40:00,False,11726383.0,107
2025-03-20,2025-03-20,09:40:00,False,10280068.0,105
2025-03-21,2025-03-21,09:40:00,False,10448417.0,104
2025-03-24,2025-03-24,09:40:00,True,11125142.0,17
2025-03-25,2025-03-25,09:40:00,True,11403460.0,17
2025-03-26,2025-03-26,09:40:00,True,11189112.0,17
2025-03-27,2025-03-27,09:40:00,True,10254397.0,17
2025-03-28,2025-03-28,09:40:00,True,10257741.0,17
2025-03-31,2025-03-31,09:40:00,True,10627915.0,17
2025-04-01,2025-04-01,09:40:00,True,11328302.0,17
2025-04-02,2025-04-02,09:40:00,True,11617167.0,17
2025-04-03,2025-04-03,09:40:00,True,11278954.0,17
2025-04-07,2025-04-07,09:40:00,True,11249767.0,17
2025-04-08,2025-04-08,09:40:00,True,12388464.0,17
2025-04-09,2025-04-09,09:40:00,True,15445947.0,17
2025-04-10,2025-04-10,09:40:00,True,17311989.0,17
2025-04-11,2025-04-11,09:40:00,True,17597805.0,17
2025-04-14,2025-04-14,09:40:00,True,15902033.0,17
2025-04-15,2025-04-15,09:40:00,True,13869459.0,17
2025-04-16,2025-04-16,09:40:00,True,11960014.0,17
2025-04-17,2025-04-17,09:40:00,True,11335279.0,17
2025-04-18,2025-04-18,09:40:00,False,11408752.0,104
2025-04-21,2025-04-21,09:40:00,False,10826596.0,106
2025-04-22,2025-04-22,09:40:00,False,9381493.0,106
2025-04-23,2025-04-23,09:40:00,False,9116578.0,106
2025-04-24,2025-04-24,09:40:00,False,10027785.0,105
2025-04-25,2025-04-25,09:40:00,False,10744374.0,105
2025-04-28,2025-04-28,09:40:00,False,10572665.0,105
2025-04-29,2025-04-29,09:40:00,False,9725450.0,105
2025-04-30,2025-04-30,09:40:00,False,8990027.0,105
2025-05-06,2025-05-06,09:40:00,False,8466365.0,104
2025-05-07,2025-05-07,09:40:00,False,8856052.0,105
2025-05-08,2025-05-08,09:40:00,False,10100468.0,105
2025-05-09,2025-05-09,09:40:00,False,10567589.0,106
2025-05-12,2025-05-12,09:40:00,False,10509383.0,105
2025-05-13,2025-05-13,09:40:00,False,10124368.0,105
2025-05-14,2025-05-14,09:40:00,False,10291097.0,106
2025-05-15,2025-05-15,09:40:00,False,11438611.0,104
2025-05-16,2025-05-16,09:40:00,False,11726115.0,104
2025-05-19,2025-05-19,09:40:00,False,11845790.0,103
2025-05-20,2025-05-20,09:40:00,False,10806253.0,105
2025-05-21,2025-05-21,09:40:00,False,10260825.0,103
2025-05-22,2025-05-22,09:40:00,False,9745291.0,104
2025-05-23,2025-05-23,09:40:00,False,9442291.0,105
2025-05-26,2025-05-26,09:40:00,True,9523758.0,17
2025-05-27,2025-05-27,09:40:00,True,9372300.0,16
2025-05-28,2025-05-28,09:40:00,True,9707865.0,16
2025-05-29,2025-05-29,09:40:00,True,9028480.0,16
2025-05-30,2025-05-30,09:40:00,True,9320631.0,17
2025-06-03,2025-06-03,09:40:00,True,9313614.0,17
2025-06-04,2025-06-04,09:40:00,True,9691530.0,17
2025-06-05,2025-06-05,09:40:00,False,9667119.0,105
2025-06-06,2025-06-06,09:40:00,False,9650177.0,105
2025-06-09,2025-06-09,09:40:00,False,10042813.0,104
2025-06-10,2025-06-10,09:40:00,False,11014520.0,105
2025-06-11,2025-06-11,09:40:00,False,12214488.0,105
2025-06-12,2025-06-12,09:40:00,False,12955908.0,104
2025-06-13,2025-06-13,09:40:00,False,12668981.0,104
2025-06-16,2025-06-16,09:40:00,True,12813919.0,17
2025-06-17,2025-06-17,09:40:00,True,12440444.0,17
2025-06-18,2025-06-18,09:40:00,True,12482416.0,17
2025-06-19,2025-06-19,09:40:00,True,11041311.0,17
2025-06-20,2025-06-20,09:40:00,True,11301027.0,17
2025-06-23,2025-06-23,09:40:00,True,11014526.0,17
2025-06-24,2025-06-24,09:40:00,True,11536066.0,17
2025-06-25,2025-06-25,09:40:00,False,12254071.0,106
2025-06-26,2025-06-26,09:40:00,False,14078194.0,106
2025-06-27,2025-06-27,09:40:00,False,15019732.0,107
2025-06-30,2025-06-30,09:40:00,False,14973194.0,106
2025-07-01,2025-07-01,09:40:00,False,14182311.0,108
2025-07-02,2025-07-02,09:40:00,False,12967952.0,108
2025-07-03,2025-07-03,09:40:00,False,12151779.0,109
2025-07-04,2025-07-04,09:40:00,False,11769749.0,108
2025-07-07,2025-07-07,09:40:00,False,13167895.0,107
2025-07-08,2025-07-08,09:40:00,False,12879004.0,106
2025-07-09,2025-07-09,09:40:00,False,12906339.0,107
2025-07-10,2025-07-10,09:40:00,False,12034756.0,106
2025-07-11,2025-07-11,09:40:00,False,12122607.0,106
2025-07-14,2025-07-14,09:40:00,False,12890039.0,105
2025-07-15,2025-07-15,09:40:00,False,12526763.0,105
2025-07-16,2025-07-16,09:40:00,False,14095032.0,105
2025-07-17,2025-07-17,09:40:00,False,13379801.0,107
2025-07-18,2025-07-18,09:40:00,False,15006760.0,107
2025-07-21,2025-07-21,09:40:00,False,15920277.0,106
2025-07-22,2025-07-22,09:40:00,False,17513381.0,107
2025-07-23,2025-07-23,09:40:00,False,19268713.0,107
2025-07-24,2025-07-24,09:40:00,False,18691948.0,107
2025-07-25,2025-07-25,09:40:00,False,18513977.0,106
2025-07-28,2025-07-28,09:40:00,False,16521989.0,106
2025-07-29,2025-07-29,09:40:00,False,16855899.0,106
2025-07-30,2025-07-30,09:40:00,False,17397424.0,107
2025-07-31,2025-07-31,09:40:00,False,18036144.0,105
2025-08-01,2025-08-01,09:40:00,True,18721587.0,17
2025-08-04,2025-08-04,09:40:00,True,18940331.0,17
2025-08-05,2025-08-05,09:40:00,True,18626513.0,17
2025-08-06,2025-08-06,09:40:00,True,17923074.0,17
2025-08-07,2025-08-07,09:40:00,False,16481671.0,108
2025-08-08,2025-08-08,09:40:00,False,16626504.0,107
2025-08-11,2025-08-11,09:40:00,True,15874812.0,17
2025-08-12,2025-08-12,09:40:00,False,15514891.0,109
2025-08-13,2025-08-13,09:40:00,False,14243811.0,111
2025-08-14,2025-08-14,09:40:00,False,15328617.0,109
2025-08-15,2025-08-15,09:40:00,False,17274178.0,108
2025-08-18,2025-08-18,09:40:00,False,20572411.0,108
2025-08-19,2025-08-19,09:40:00,False,20663539.0,108
2025-08-20,2025-08-20,09:40:00,False,20848860.0,107
2025-08-21,2025-08-21,09:40:00,False,19566391.0,108
2025-08-22,2025-08-22,09:40:00,False,18899543.0,108
2025-08-25,2025-08-25,09:40:00,False,19024584.0,109
2025-08-26,2025-08-26,09:40:00,False,21274900.0,108
2025-08-27,2025-08-27,09:40:00,False,22119225.0,108
2025-08-28,2025-08-28,09:40:00,False,23120993.0,108
2025-08-29,2025-08-29,09:40:00,False,22616476.0,109
2025-09-01,2025-09-01,09:40:00,False,24415155.0,109
2025-09-02,2025-09-02,09:40:00,False,24063578.0,108
2025-09-03,2025-09-03,09:40:00,False,24045046.0,109
2025-09-04,2025-09-04,09:40:00,False,22657638.0,109
2025-09-05,2025-09-05,09:40:00,True,22826484.0,17
2025-09-08,2025-09-08,09:40:00,False,21344694.0,109
2025-09-09,2025-09-09,09:40:00,False,21042192.0,109
2025-09-10,2025-09-10,09:40:00,True,20067248.0,17
2025-09-11,2025-09-11,09:40:00,True,19284770.0,17
2025-09-12,2025-09-12,09:40:00,False,20064956.0,108
2025-09-15,2025-09-15,09:40:00,False,20116133.0,109
2025-09-16,2025-09-16,09:40:00,False,21136517.0,109
2025-09-17,2025-09-17,09:40:00,False,20472721.0,109
2025-09-18,2025-09-18,09:40:00,False,20562845.0,110
2025-09-19,2025-09-19,09:40:00,False,22839144.0,109
2025-09-22,2025-09-22,09:40:00,False,22622122.0,109
2025-09-23,2025-09-23,09:40:00,False,21925487.0,108
2025-09-24,2025-09-24,09:40:00,False,19915677.0,109
2025-09-25,2025-09-25,09:40:00,False,21180759.0,109
2025-09-26,2025-09-26,09:40:00,False,21554154.0,110
2025-09-29,2025-09-29,09:40:00,False,21586579.0,109
2025-09-30,2025-09-30,09:40:00,False,22463338.0,110
2025-10-09,2025-10-09,09:40:00,False,24265839.0,111
2025-10-10,2025-10-10,09:40:00,False,26070456.0,111
2025-10-13,2025-10-13,09:40:00,False,26402257.0,111
2025-10-14,2025-10-14,09:40:00,True,26598679.0,17
2025-10-15,2025-10-15,09:40:00,True,27776616.0,16
2025-10-16,2025-10-16,09:40:00,True,27809501.0,16
2025-10-17,2025-10-17,09:40:00,True,27732904.0,16
2025-10-20,2025-10-20,09:40:00,True,27005917.0,17
2025-10-21,2025-10-21,09:40:00,True,26519155.0,17
2025-10-22,2025-10-22,09:40:00,True,26438910.0,17
2025-10-23,2025-10-23,09:40:00,True,25020701.0,17
2025-10-24,2025-10-24,09:40:00,False,23909588.0,110
2025-10-27,2025-10-27,09:40:00,False,23365952.0,111
2025-10-28,2025-10-28,09:40:00,False,24155191.0,111
2025-10-29,2025-10-29,09:40:00,False,25614744.0,110
2025-10-30,2025-10-30,09:40:00,False,25280511.0,110
2025-10-31,2025-10-31,09:40:00,False,25331307.0,110
2025-11-03,2025-11-03,09:40:00,False,25276412.0,110
2025-11-04,2025-11-04,09:40:00,False,26336222.0,110
2025-11-05,2025-11-05,09:40:00,True,25401535.0,17
2025-11-06,2025-11-06,09:40:00,True,24305164.0,17
2025-11-07,2025-11-07,09:40:00,False,22392140.0,110
2025-11-10,2025-11-10,09:40:00,False,21258843.0,109
2025-11-11,2025-11-11,09:40:00,False,20915666.0,110
2025-11-12,2025-11-12,09:40:00,True,21189841.0,17
2025-11-13,2025-11-13,09:40:00,True,21598194.0,17
2025-11-14,2025-11-14,09:40:00,False,21185837.0,110
2025-11-17,2025-11-17,09:40:00,True,20542347.0,17
2025-11-18,2025-11-18,09:40:00,True,20164036.0,17
2025-11-19,2025-11-19,09:40:00,True,20440853.0,17
2025-11-20,2025-11-20,09:40:00,True,20962166.0,17
2025-11-21,2025-11-21,09:40:00,True,21594923.0,17
2025-11-24,2025-11-24,09:40:00,True,22279089.0,17
2025-11-25,2025-11-25,09:40:00,True,22445092.0,17
2025-11-26,2025-11-26,09:40:00,True,22209938.0,17
2025-11-27,2025-11-27,09:40:00,True,20000416.0,17
2025-11-28,2025-11-28,09:40:00,True,19362729.0,17
2025-12-01,2025-12-01,09:40:00,False,18468049.0,109
2025-12-02,2025-12-02,09:40:00,False,19480013.0,111
2025-12-03,2025-12-03,09:40:00,False,18937264.0,111
2025-12-04,2025-12-04,09:40:00,False,18285601.0,111
2025-12-05,2025-12-05,09:40:00,False,16425197.0,111
2025-12-08,2025-12-08,09:40:00,False,17313714.0,111
2025-12-09,2025-12-09,09:40:00,False,18878557.0,111
2025-12-10,2025-12-10,09:40:00,False,20709932.0,111
2025-12-11,2025-12-11,09:40:00,False,20888289.0,111
2025-12-12,2025-12-12,09:40:00,True,20756371.0,17
2025-12-15,2025-12-15,09:40:00,False,20775252.0,110
2025-12-16,2025-12-16,09:40:00,True,20584190.0,17
2025-12-17,2025-12-17,09:40:00,True,21365109.0,17
2025-12-18,2025-12-18,09:40:00,False,22176090.0,111
2025-12-19,2025-12-19,09:40:00,True,22151686.0,17
2025-12-22,2025-12-22,09:40:00,True,21586663.0,17
2025-12-23,2025-12-23,09:40:00,False,21206053.0,111
2025-12-24,2025-12-24,09:40:00,False,21951306.0,111
2025-12-25,2025-12-25,09:40:00,False,21948669.0,111
2025-12-26,2025-12-26,09:40:00,False,20603405.0,112
2025-12-29,2025-12-29,09:40:00,False,19939132.0,112
2025-12-30,2025-12-30,09:40:00,False,18500589.0,112
2025-12-31,2025-12-31,09:40:00,False,19476457.0,112
2026-01-05,2026-01-05,09:40:00,False,18710363.0,112
2026-01-06,2026-01-06,09:40:00,False,20213673.0,112
2026-01-07,2026-01-07,09:40:00,False,20951111.0,112
2026-01-08,2026-01-08,09:40:00,False,22376963.0,112
2026-01-09,2026-01-09,09:40:00,False,24236903.0,112
2026-01-12,2026-01-12,09:40:00,False,25383755.0,112
2026-01-13,2026-01-13,09:40:00,False,24530624.0,114
2026-01-14,2026-01-14,09:40:00,False,22745967.0,114
2026-01-15,2026-01-15,09:40:00,False,25255264.0,114
2026-01-16,2026-01-16,09:40:00,False,30527736.0,114
2026-01-19,2026-01-19,09:40:00,False,35104907.0,114
2026-01-20,2026-01-20,09:40:00,False,33280458.0,114
2026-01-21,2026-01-21,09:40:00,True,31388632.0,17
2026-01-22,2026-01-22,09:40:00,True,30181683.0,17
2026-01-23,2026-01-23,09:40:00,True,30357504.0,17
2026-01-26,2026-01-26,09:40:00,False,31235568.0,114
2026-01-27,2026-01-27,09:40:00,False,29336264.0,114
2026-01-28,2026-01-28,09:40:00,False,28244592.0,114
2026-01-29,2026-01-29,09:40:00,False,29512962.0,113
2026-01-30,2026-01-30,09:40:00,False,31325966.0,114
2026-02-02,2026-02-02,09:40:00,True,32980416.0,17
2026-02-03,2026-02-03,09:40:00,True,31301644.0,17
2026-02-04,2026-02-04,09:40:00,True,30829940.0,16
2026-02-05,2026-02-05,09:40:00,True,29791487.0,17
2026-02-06,2026-02-06,09:40:00,True,28699937.0,17
2026-02-09,2026-02-09,09:40:00,True,28107294.0,17
2026-02-10,2026-02-10,09:40:00,False,27414805.0,113
2026-02-11,2026-02-11,09:40:00,False,24243810.0,114
2026-02-12,2026-02-12,09:40:00,False,22135014.0,114
2026-02-13,2026-02-13,09:40:00,False,20861910.0,114
2026-02-24,2026-02-24,09:40:00,True,20418128.0,17
2026-02-25,2026-02-25,09:40:00,False,20480499.0,114
2026-02-26,2026-02-26,09:40:00,False,20340142.0,114
2026-02-27,2026-02-27,09:40:00,False,21531642.0,114
2026-03-02,2026-03-02,09:40:00,False,22409482.0,114
2026-03-03,2026-03-03,09:40:00,False,23296391.0,114
2026-03-04,2026-03-04,09:40:00,True,26573962.0,17
2026-03-05,2026-03-05,09:40:00,True,27334361.0,17
2026-03-06,2026-03-06,09:40:00,True,28600943.0,17
2026-03-09,2026-03-09,09:40:00,True,27193458.0,17
2026-03-10,2026-03-10,09:40:00,True,27224093.0,17
2026-03-11,2026-03-11,09:40:00,True,26723910.0,17
2026-03-12,2026-03-12,09:40:00,False,26520111.0,113
2026-03-13,2026-03-13,09:40:00,False,25449332.0,113
2026-03-16,2026-03-16,09:40:00,False,25043664.0,113
2026-03-17,2026-03-17,09:40:00,False,24386132.0,113
2026-03-18,2026-03-18,09:40:00,True,25005535.0,17
2026-03-19,2026-03-19,09:40:00,True,24387844.0,17
2026-03-20,2026-03-20,09:40:00,True,24722511.0,17
2026-03-23,2026-03-23,09:40:00,True,24023254.0,17
2026-03-24,2026-03-24,09:40:00,True,25544060.0,17
2026-03-25,2026-03-25,09:40:00,True,26570246.0,17
2026-03-26,2026-03-26,09:40:00,True,26959297.0,17
2026-03-27,2026-03-27,09:40:00,True,24906003.0,17
2026-03-30,2026-03-30,09:40:00,True,22927544.0,17
2026-03-31,2026-03-31,09:40:00,True,21520379.0,17
2026-04-01,2026-04-01,09:40:00,True,21444548.0,17
2026-04-02,2026-04-02,09:40:00,False,22497509.0,113
2026-04-03,2026-04-03,09:40:00,True,24226876.0,17
2026-04-07,2026-04-07,09:40:00,True,23976810.0,17
2026-04-08,2026-04-08,09:40:00,True,22000974.0,17
2026-04-09,2026-04-09,09:40:00,False,22099962.0,113
2026-04-10,2026-04-10,09:40:00,False,22290201.0,114
2026-04-13,2026-04-13,09:40:00,False,23499112.0,113
2026-04-14,2026-04-14,09:40:00,False,21178569.0,113
2026-04-15,2026-04-15,09:40:00,False,20996961.0,113
2026-04-16,2026-04-16,09:40:00,False,21433279.0,113
2026-04-17,2026-04-17,09:40:00,False,22078398.0,114
2026-04-20,2026-04-20,09:40:00,False,22171767.0,113
2026-04-21,2026-04-21,09:40:00,False,20980523.0,113
2026-04-22,2026-04-22,09:40:00,False,20424767.0,113
2026-04-23,2026-04-23,09:40:00,False,21042038.0,113
2026-04-24,2026-04-24,09:40:00,False,21059560.0,113
2026-04-27,2026-04-27,09:40:00,False,22318087.0,113
2026-04-28,2026-04-28,09:40:00,False,21319877.0,113
2026-04-29,2026-04-29,09:40:00,True,21752204.0,17
2026-04-30,2026-04-30,09:40:00,False,21606342.0,113
2026-05-06,2026-05-06,09:40:00,False,22584238.0,113
2026-05-07,2026-05-07,09:40:00,False,22243104.0,113
2026-05-08,2026-05-08,09:40:00,False,21953160.0,113
2026-05-11,2026-05-11,09:40:00,False,21080314.0,113
2026-05-12,2026-05-12,09:40:00,False,23753645.0,113
2026-05-13,2026-05-13,09:40:00,False,24339761.0,113
2026-05-14,2026-05-14,09:40:00,False,25839979.0,111
2026-05-15,2026-05-15,09:40:00,False,23959051.0,111
2026-05-18,2026-05-18,09:40:00,True,24580168.0,16
2026-05-19,2026-05-19,09:40:00,True,23946792.0,16
2026-05-20,2026-05-20,09:40:00,True,23534053.0,16
2026-05-21,2026-05-21,09:40:00,True,21822334.0,16
2026-05-22,2026-05-22,09:40:00,True,22618636.0,16
2026-05-25,2026-05-25,09:40:00,True,22947586.0,17
2026-05-26,2026-05-26,09:40:00,False,23097127.0,112
2026-05-27,2026-05-27,09:40:00,False,22518911.0,112
2026-05-28,2026-05-28,09:40:00,False,22307419.0,112
2026-05-29,2026-05-29,09:40:00,False,22389014.0,112
2026-06-01,2026-06-01,09:40:00,False,22241826.0,113
2026-06-02,2026-06-02,09:40:00,True,22670168.0,16
2026-06-03,2026-06-03,09:40:00,True,23805621.0,16
2026-06-04,2026-06-04,09:40:00,False,23996955.0,114
2026-06-05,2026-06-05,09:40:00,False,22942336.0,113
2026-06-08,2026-06-08,09:40:00,True,21542375.0,16
2026-06-09,2026-06-09,09:40:00,True,20647891.0,17
2026-06-10,2026-06-10,09:40:00,True,19885601.0,16
2026-06-11,2026-06-11,09:40:00,True,18996341.0,17
2026-06-12,2026-06-12,09:40:00,True,17809398.0,17
2026-06-15,2026-06-15,09:40:00,True,18738613.0,17
2026-06-16,2026-06-16,09:40:00,False,21123925.0,113
2026-06-17,2026-06-17,09:40:00,False,22908441.0,113
2026-06-18,2026-06-18,09:40:00,False,23494248.0,112
2026-06-22,2026-06-22,09:40:00,False,22892130.0,111
2026-06-23,2026-06-23,09:40:00,False,23591786.0,112
2026-06-24,2026-06-24,09:40:00,False,23680117.0,112
2026-06-25,2026-06-25,09:40:00,False,23975584.0,112
2026-06-26,2026-06-26,09:40:00,False,23917951.0,112
2026-06-29,2026-06-29,09:40:00,True,24197811.0,16
2026-06-30,2026-06-30,09:40:00,True,24877333.0,16
2026-07-01,2026-07-01,09:40:00,False,24319595.0,112
2026-07-02,2026-07-02,09:40:00,False,23861972.0,112
2026-07-03,2026-07-03,09:40:00,True,24004901.0,16
2026-07-06,2026-07-06,09:40:00,True,24658218.0,16
